Model: M1
Layer: 58
Component: o_proj
Sigmas: [3.604, 2.287, 1.725]

Top 30 by |Dir 0|:
    1  r                             +0.6124     -0.2616     +0.3837
    2  n                             +0.5376     +0.0820     -0.0484
    3  0                             +0.4892     +0.0101     -0.0296
    4  styl                          +0.4733     +0.2447     -0.1579
    5  :n                            +0.4724     +0.0845     +0.1556
    6  #1                            +0.4707     -0.0739     -0.2038
    7  spread                        +0.4671     -0.2639     -0.0736
    8  inter                         +0.4646     -0.0254     -0.0016
    9  refining                      +0.4549     -0.0535     +0.1001
   10  r                             +0.4539     -0.1425     +0.3061
   11  Jour                          -0.4428     -0.0853     +0.0189
   12  drag                          +0.4407     +0.1402     -0.0520
   13  styling                       +0.4376     +0.1026     +0.0424
   14  rj                            +0.4369     -0.1857     +0.2559
   15  Algorithms                    -0.4326     -0.1191     -0.0724
   16  refinement                    +0.4259     -0.0910     +0.0193
   17  spreadsheet                   +0.4234     -0.2523     -0.0287
   18  refinery                      +0.4220     -0.0839     +0.0008
   19  Physical                      -0.4123     +0.1602     -0.1879
   20  ambient                       +0.4092     +0.1111     +0.2651
   21  样式                            +0.4080     +0.1021     +0.0873
   22  physical                      -0.4055     +0.1358     -0.1630
   23  style                         +0.4052     +0.0219     +0.0656
   24  spreading                     +0.4046     -0.1485     +0.0632
   25  alone                         +0.4043     +0.0860     -0.1151
   26  symbolic                      +0.4028     +0.1424     -0.4795
   27  lowering                      +0.4014     +0.0478     +0.0917
   28  powerful                      +0.4006     +0.0392     +0.0610
   29  uniform                       +0.3988     +0.0542     -0.0808
   30  smoothing                     +0.3986     -0.1774     -0.1690
