Model: M1
Layer: 48
Component: o_proj
Sigmas: [5.978, 1.610, 1.348]

Top 30 by |Dir 0|:
    1  structured                    -0.4600     +0.0193     -0.0027
    2  —“                            -0.4504     -0.1173     -0.2530
    3  向北                            -0.4357     -0.1396     -0.0475
    4  directional                   -0.4139     +0.0588     +0.0942
    5  北上                            -0.4066     +0.0262     -0.0295
    6  结构化                           -0.4050     -0.0114     +0.0338
    7  frame                         -0.4026     +0.3137     -0.0012
    8  r                             -0.3926     +0.5925     -0.0131
    9  框架                            -0.3759     +0.2499     -0.0325
   10  Structured                    -0.3751     -0.0052     +0.0254
   11  ‘                             -0.3741     -0.0566     -0.0255
   12  puzzle                        -0.3711     -0.0764     -0.0221
   13  encl                          +0.3704     +0.1228     -0.0984
   14  结构性                           -0.3699     -0.1105     -0.0280
   15  map                           -0.3684     +0.0402     +0.0631
   16  adda                          +0.3662     +0.0186     +0.1832
   17  :‘                            -0.3630     +0.0089     -0.1542
   18  →r                            -0.3552     +0.3641     -0.1095
   19  数据结构                          -0.3540     +0.0513     -0.0044
   20  ‘                             -0.3520     -0.0536     -0.0121
   21  rw                            -0.3514     +0.2789     -0.0100
   22  —↵                            -0.3504     -0.2130     -0.1067
   23  -frame                        -0.3504     +0.1978     -0.0119
   24  northern                      -0.3490     -0.0585     +0.0104
   25  .r                            -0.3481     +0.3338     -0.0012
   26  .frame                        -0.3440     +0.2614     -0.0333
   27  皮书                            -0.3436     +0.0820     +0.0474
   28  简易                            -0.3429     -0.1114     +0.0619
   29  structured                    -0.3396     +0.0965     +0.0142
   30  uniform                       -0.3389     +0.1001     +0.0002
