Model: M1
Layer: 59
Component: o_proj
Sigmas: [3.788, 1.434, 0.847]

Top 30 by |Dir 0|:
    1  n                             +0.7129     +0.1872     +0.2815
    2  0                             +0.6794     +0.3275     +0.3298
    3  r                             +0.6237     -0.1152     +0.6257
    4  O                             +0.5949     +0.1248     -0.1650
    5  #1                            +0.5768     +0.0557     +0.4252
    6  c                             +0.5030     +0.4320     +0.3495
    7  ENER                          -0.4980     -0.0903     -0.0748
    8  navigation                    +0.4931     -0.0782     +0.1288
    9  storage                       +0.4711     +0.1466     -0.2470
   10  r                             +0.4456     +0.0339     +0.2203
   11  .↵                            +0.4358     -0.0170     +0.1413
   12  symbolic                      +0.4324     +0.2476     +0.0724
   13  inter                         +0.4299     +0.1312     -0.0276
   14  neighboring                   +0.4248     +0.0718     -0.2454
   15  saving                        +0.4183     -0.0950     -0.2448
   16  3                             +0.4170     +0.0056     +0.1063
   17  gent                          +0.4143     +0.0561     +0.0831
   18  .n                            +0.4109     +0.0955     +0.2255
   19  HUM                           -0.4062     +0.0026     +0.2855
   20  ***↵↵                         -0.4058     -0.0622     +0.1609
   21  facing                        +0.4008     +0.0135     -0.3091
   22  styl                          +0.3979     +0.3200     +0.0907
   23  Sci                           -0.3943     +0.1400     +0.1383
   24  locals                        +0.3916     -0.0572     +0.0043
   25  CHE                           -0.3903     +0.0540     +0.2122
   26  →n                            +0.3877     +0.0970     +0.3805
   27  ENGLISH                       -0.3854     -0.2114     +0.1716
   28  Privacy                       -0.3852     -0.0741     +0.0067
   29  Storage                       +0.3839     +0.0884     -0.1482
   30  slots                         +0.3831     +0.0074     +0.2014
