Model: M1
Layer: 57
Component: o_proj
Sigmas: [3.455, 1.669, 1.441]

Top 30 by |Dir 0|:
    1  r                             -0.9560     +0.5988     -1.0703
    2  r                             -0.6460     +0.2939     -0.6156
    3  n                             -0.5473     -0.3166     -0.2029
    4  +r                            -0.5406     +0.1221     -0.4158
    5  /r                            -0.5362     +0.1113     -0.4594
    6  .r                            -0.5288     +0.2591     -0.4954
    7  ,r                            -0.5115     +0.2536     -0.5558
    8  rj                            -0.5042     +0.3375     -0.5064
    9  rn                            -0.5023     +0.2089     -0.3952
   10  →r                            -0.4820     +0.2746     -0.5770
   11  0                             -0.4687     -0.0010     -0.0848
   12  rink                          -0.4655     +0.3495     -0.2880
   13  rk                            -0.4613     +0.3781     -0.5849
   14  rental                        -0.4500     +0.1596     -0.0326
   15  -r                            -0.4497     +0.1065     -0.4911
   16  routing                       -0.4440     +0.1732     -0.1873
   17  }r                            -0.4379     +0.2754     -0.6230
   18  Structured                    -0.4331     -0.2543     +0.4116
   19  {r                            -0.4312     +0.1853     -0.5417
   20  rt                            -0.4309     +0.2108     -0.2660
   21  rl                            -0.4260     +0.3431     -0.3168
   22  =r                            -0.4172     +0.1704     -0.4995
   23  rb                            -0.4154     +0.1196     -0.5644
   24  rne                           -0.4149     +0.2164     -0.3808
   25  :n                            -0.4137     +0.0611     -0.1697
   26  locals                        -0.4097     -0.0173     -0.1377
   27  rf                            -0.4091     +0.2507     -0.4961
   28  renting                       -0.4010     +0.1322     -0.0563
   29  rw                            -0.3979     +0.1756     -0.4870
   30  [r                            -0.3958     +0.2136     -0.4941
