Model: M1
Layer: 53
Component: o_proj
Sigmas: [2.989, 2.140, 1.261]

Top 30 by |Dir 0|:
    1  0                             +0.4839     -0.1780     -0.0998
    2  n                             +0.4621     -0.3417     +0.1239
    3  简易                            +0.3714     -0.1196     -0.0439
    4  抽象                            +0.3589     +0.0467     +0.1057
    5  abstract                      +0.3575     -0.0153     +0.0154
    6  socially                      +0.3545     -0.0545     -0.0210
    7  →n                            +0.3466     -0.2647     +0.1164
    8  325                           +0.3425     -0.0141     -0.0443
    9  promin                        -0.3380     -0.1019     -0.0845
   10  复杂                            +0.3349     +0.1290     -0.1412
   11  prominent                     -0.3314     -0.0848     -0.0468
   12  fram                          +0.3306     -0.1905     -0.0519
   13  articulate                    +0.3264     +0.0810     -0.1183
   14  低了                            +0.3251     +0.0335     +0.0270
   15  简明                            +0.3221     -0.1605     -0.1687
   16  format                        +0.3212     -0.0806     -0.1521
   17  allo                          +0.3203     -0.0325     +0.0354
   18  Rental                        +0.3199     +0.1133     -0.0105
   19  represent                     -0.3196     -0.0205     +0.2505
   20  cal                           -0.3173     -0.1286     +0.0569
   21  Kirby                         +0.3156     -0.0153     +0.0164
   22  Energy                        -0.3148     -0.2204     +0.2920
   23  }n                            +0.3144     -0.2571     -0.0332
   24  format                        +0.3143     -0.0408     -0.0827
   25  Statistical                   -0.3138     -0.1986     +0.1363
   26  00                            +0.3132     -0.2129     +0.0401
   27  轻型                            +0.3128     -0.1072     -0.2266
   28  intrinsic                     +0.3116     -0.1767     -0.1060
   29  295                           +0.3115     +0.0850     -0.0197
   30  ODE                           +0.3110     -0.0369     -0.2087
