Model: M1
Layer: 51
Component: o_proj
Sigmas: [3.205, 1.836, 1.589]

Top 30 by |Dir 0|:
    1  的花朵                           -0.3891     -0.0600     +0.0069
    2  manners                       -0.3814     -0.1076     +0.0457
    3  sync                          -0.3796     +0.0115     -0.0657
    4  sunshine                      -0.3782     +0.0144     +0.0049
    5  guardians                     -0.3657     -0.0676     -0.1467
    6  synchron                      -0.3571     -0.0637     -0.1156
    7  凸                             +0.3548     -0.0277     -0.1165
    8  minut                         -0.3530     -0.0027     +0.0540
    9  浓                             +0.3444     +0.0052     +0.1165
   10  Synchron                      -0.3420     -0.0403     -0.0403
   11  synchronization               -0.3414     -0.0299     -0.0680
   12  trav                          -0.3400     +0.0144     -0.0084
   13  飞                             +0.3395     +0.1574     +0.0288
   14  anam                          -0.3382     +0.0190     +0.0601
   15  hold                          +0.3349     -0.0184     +0.0519
   16  暴                             +0.3346     +0.1629     -0.0027
   17  每晚                            -0.3332     +0.0316     -0.0065
   18  飞行                            +0.3306     +0.0680     -0.1185
   19  賦                             -0.3296     +0.0330     +0.0640
   20  Sync                          -0.3282     +0.0518     -0.0253
   21  convex                        +0.3271     +0.0013     -0.0766
   22  昂贵                            +0.3270     -0.0481     +0.1300
   23  同步                            -0.3254     +0.1330     -0.0936
   24  和内                            +0.3251     +0.1012     -0.0709
   25  syn                           -0.3227     +0.0996     -0.0904
   26  Syn                           -0.3225     +0.0749     -0.0744
   27  insky                         +0.3221     -0.1107     +0.0382
   28  -con                          +0.3209     -0.0056     -0.1663
   29  Trav                          -0.3198     -0.0170     -0.0030
   30  每分钟                           -0.3196     +0.0685     -0.1976
