Model: M1
Layer: 56
Component: o_proj
Sigmas: [3.585, 2.180, 1.772]

Top 30 by |Dir 0|:
    1  ↵↵                            +0.5391     -0.0254     +0.3956
    2  neighbors                     +0.4031     +0.1607     +0.0752
    3  Structured                    +0.3983     +0.0489     +0.0002
    4  neighboring                   +0.3900     +0.1916     +0.0340
    5  Shri                          -0.3875     +0.0449     +0.1253
    6  0                             +0.3814     +0.4949     -0.0787
    7  求助                            +0.3748     -0.1330     +0.1090
    8  reaching                      +0.3737     -0.1005     -0.2267
    9  neighbor                      +0.3683     +0.2717     +0.0739
   10  community                     +0.3672     +0.0561     +0.1196
   11  community                     +0.3657     +0.0415     +0.0956
   12  aiming                        +0.3655     +0.0894     -0.3059
   13  69                            +0.3648     +0.1508     +0.0332
   14  revolves                      -0.3643     +0.0859     +0.1159
   15  Sync                          -0.3631     -0.0189     +0.0249
   16  envis                         +0.3583     +0.2904     +0.1274
   17  revolve                       -0.3571     +0.0347     +0.1844
   18  neighborhoods                 +0.3566     +0.1466     +0.0712
   19  抽象                            +0.3550     +0.0374     +0.1826
   20  Syn                           -0.3548     -0.0699     +0.1340
   21  公共                            +0.3527     -0.0883     +0.0329
   22  shr                           -0.3496     -0.1883     -0.0798
   23  amar                          -0.3495     -0.0068     +0.1453
   24  结构化                           +0.3457     +0.0366     -0.0301
   25  社区                            +0.3442     +0.0506     +0.0965
   26  envision                      +0.3437     +0.1928     +0.0221
   27  方方面                           -0.3437     -0.0123     +0.0126
   28  communities                   +0.3433     +0.0094     +0.1142
   29  styl                          +0.3417     +0.2605     -0.1654
   30  renting                       +0.3396     -0.1607     -0.0212
