Model: M1
Layer: 46
Component: o_proj
Sigmas: [5.332, 1.689, 1.346]

Top 30 by |Dir 0|:
    1  r                             +0.6086     +0.1084     +0.0431
    2  n                             +0.5583     +0.0510     +0.1428
    3  r                             +0.4939     +0.2246     -0.0688
    4  →r                            +0.4231     +0.1591     -0.0157
    5  sequenced                     -0.4027     -0.0945     -0.0798
    6  sequences                     -0.3995     -0.0985     +0.0976
    7  +r                            +0.3992     +0.1096     -0.0008
    8  nn                            +0.3986     +0.0027     +0.0107
    9  -ready                        -0.3935     -0.0213     +0.0635
   10  .r                            +0.3906     +0.0624     +0.0242
   11  -frame                        -0.3811     +0.0871     -0.1414
   12  蓄                             -0.3792     -0.0485     -0.0071
   13  altern                        -0.3733     -0.1122     +0.0257
   14  正确答案                          -0.3731     -0.0133     +0.0624
   15  ,r                            +0.3714     +0.0504     +0.0377
   16  {r                            +0.3657     +0.0973     -0.0415
   17  Sequences                     -0.3622     -0.1327     +0.0646
   18  pipe                          -0.3619     +0.0073     -0.0229
   19  -balanced                     -0.3595     +0.1214     +0.0856
   20  爬到                            -0.3593     +0.1093     -0.2462
   21  }n                            +0.3585     +0.0320     +0.1205
   22  directional                   -0.3564     -0.0276     +0.0340
   23  🙂↵↵                           +0.3553     -0.1186     -0.0539
   24  scripts                       -0.3498     +0.0079     +0.1888
   25  =r                            +0.3496     +0.2143     +0.0028
   26  -prepared                     -0.3488     +0.0546     -0.0098
   27  frame                         -0.3487     +0.0176     -0.2188
   28  nx                            +0.3471     +0.0998     +0.0740
   29  代之                            -0.3422     +0.0541     -0.0411
   30  Prepare                       -0.3405     -0.0374     -0.0291
