Model: M1
Layer: 52
Component: o_proj
Sigmas: [3.861, 2.175, 1.779]

Top 30 by |Dir 0|:
    1  r                             +0.6516     -0.0239     -0.3673
    2  r                             +0.6425     -0.4347     -0.4466
    3  ,r                            +0.6326     -0.0727     -0.2586
    4  →r                            +0.5844     -0.1513     -0.2609
    5  .r                            +0.5795     -0.1818     -0.2467
    6  /r                            +0.5244     -0.0591     -0.2002
    7  }r                            +0.5204     -0.1900     -0.4017
    8  [r                            +0.5202     +0.0039     -0.2930
    9  *r                            +0.5009     -0.1141     -0.3487
   10  Ranger                        +0.4837     -0.1837     -0.2285
   11  =r                            +0.4645     -0.1030     -0.2811
   12  +r                            +0.4541     +0.0155     -0.1394
   13  {r                            +0.4530     -0.0874     -0.3193
   14  Rangers                       +0.4373     -0.1034     -0.2390
   15  石                             +0.4190     -0.0882     -0.2289
   16  rk                            +0.4171     -0.2660     -0.3299
   17  _r                            +0.4169     -0.1508     -0.2375
   18  -r                            +0.4169     -0.0284     -0.1850
   19  (r                            +0.4122     +0.0044     -0.1748
   20  的幸福                           -0.3673     +0.0407     +0.0485
   21  'r                            +0.3657     -0.0598     -0.3996
   22  rj                            +0.3642     -0.3384     -0.1497
   23  ？↵↵                           +0.3639     -0.0362     -0.0717
   24  endlessly                     -0.3627     -0.0730     +0.1095
   25  rx                            +0.3627     -0.4009     -0.1892
   26  rb                            +0.3624     -0.1779     -0.2857
   27  ↵↵                            +0.3583     +0.0898     -0.0354
   28  rb                            +0.3562     +0.0111     -0.1997
   29  𝑟                             +0.3524     -0.1448     -0.2082
   30  /pre                          +0.3505     -0.1107     +0.0092
