Model: M1
Layer: 54
Component: o_proj
Sigmas: [4.782, 2.998, 1.828]

Top 30 by |Dir 0|:
    1  n                             +0.5816     +0.1502     -0.1527
    2  frame                         +0.4517     +0.1572     -0.0923
    3  frame                         +0.4388     +0.0930     -0.0775
    4  misunderstandings             -0.4387     +0.1264     -0.0268
    5  -frame                        +0.4296     +0.0846     -0.0571
    6  signature                     +0.4139     +0.0801     +0.0748
    7  slot                          +0.4126     -0.0649     -0.0548
    8  .frame                        +0.4121     +0.1582     +0.0178
    9  ‘                             +0.4102     -0.0831     +0.2967
   10  rir                           +0.4083     -0.3768     -0.0073
   11  fame                          +0.3945     +0.0174     +0.1579
   12  marker                        +0.3933     -0.0525     +0.1666
   13  Marker                        +0.3877     -0.0758     +0.1522
   14  _frame                        +0.3855     +0.1551     -0.0253
   15  Frame                         +0.3818     +0.0871     -0.0433
   16  rame                          +0.3797     -0.0891     -0.1131
   17  Signature                     +0.3790     +0.0159     +0.0857
   18  ’                             +0.3772     +0.0283     +0.1686
   19  (‘                            +0.3766     -0.1149     +0.2068
   20  nc                            +0.3763     -0.1026     -0.1577
   21  “‘                            +0.3736     -0.1348     +0.0563
   22  Influence                     -0.3727     +0.0046     +0.0023
   23  POP                           +0.3712     -0.0206     +0.0244
   24  —↵                            +0.3707     -0.1429     -0.2219
   25  ubi                           +0.3696     +0.0549     +0.0462
   26  越來                            +0.3683     +0.0528     -0.0101
   27  影响力                           -0.3673     -0.0296     +0.0123
   28  越來越                           +0.3668     -0.0005     +0.0103
   29  lifestyle                     +0.3657     +0.1155     -0.0790
   30  Hob                           +0.3652     -0.0139     +0.0926
