Model: M1
Layer: 60
Component: o_proj
Sigmas: [3.450, 1.987, 0.711]

Top 30 by |Dir 0|:
    1  #1                            +0.7104     -0.4526     -0.4468
    2  r                             +0.4993     -0.2616     +0.9316
    3  capt                          +0.4977     -0.1566     +0.1161
    4  capturing                     +0.4928     +0.0089     +0.1379
    5  ,**                           -0.4863     -0.2516     +0.0654
    6  mag                           +0.4775     -0.1160     +0.2406
    7  blaming                       +0.4713     +0.1262     +0.1921
    8  c                             +0.4684     -0.7485     -0.6214
    9  **                            -0.4621     -0.2923     -0.0044
   10  ;**                           -0.4579     -0.2449     +0.0012
   11  defeating                     +0.4572     -0.0363     -0.0321
   12  renting                       +0.4551     -0.1610     +0.3047
   13  solving                       +0.4520     +0.0888     +0.0258
   14  0                             +0.4512     -0.8384     -0.7998
   15  calculating                   +0.4451     +0.0401     -0.2043
   16  mag                           +0.4352     +0.1108     +0.1740
   17  rent                          +0.4313     -0.0585     +0.3172
   18  ceded                         +0.4307     -0.3518     -0.1164
   19  capture                       +0.4298     +0.0330     +0.1611
   20  sol                           +0.4283     -0.0605     +0.2242
   21  raising                       +0.4274     -0.1929     +0.2234
   22  commit                        +0.4269     +0.1029     -0.0209
   23  rj                            +0.4198     -0.1488     +0.5869
   24  ***                           -0.4189     -0.0278     -0.0856
   25  rise                          +0.4171     -0.2014     +0.3050
   26  lead                          +0.4138     -0.0458     +0.1975
   27  -ban                          +0.4135     +0.0475     +0.2401
   28  captured                      +0.4110     -0.0014     +0.0850
   29  mist                          +0.4093     +0.1411     -0.0076
   30  cru                           +0.4058     -0.1590     -0.1604
