================================================================================
Model: M3
Layer: 2
Component: composed q_b[head] @ q_a (delta weights)
Heads: 128 (all form one cluster with avg |cos| > 0.9)
Top per head: 100
================================================================================

────────────────────────────────────────────────────────────────────────────────
METHOD 1: FREQUENCY — tokens appearing in many heads' top-100
────────────────────────────────────────────────────────────────────────────────

 Rank   Freq  Token                       BestScore  Sample heads
---------------------------------------------------------------------------
    1    128  \)\(                          -0.4079  [0,1,2,3,4,5,6,7,8,9... (+118)]
    2    126  entanglement                  -0.3070  [0,1,2,3,4,5,6,7,8,9... (+116)]
    3    125  :**                           -0.5352  [0,1,2,3,4,5,7,8,9,10... (+115)]
    4    125  wob                           +0.4524  [0,1,2,3,4,5,7,8,9,10... (+115)]
    5    125  **:                           +0.4407  [0,1,2,3,4,5,7,8,9,10... (+115)]
    6    124  _select                       -0.2979  [0,1,2,3,4,5,7,8,9,10... (+114)]
    7    124  Experiment                    -0.2934  [0,1,2,3,4,5,7,8,9,10... (+114)]
    8    122  Even                          -0.2783  [0,1,2,3,4,5,6,7,8,9... (+112)]
    9    122  ']['                          -0.2765  [0,1,2,3,4,5,7,8,9,10... (+112)]
   10    122  copy                          +0.2760  [0,1,2,3,4,5,7,8,9,10... (+112)]
   11    122  Energy                        -0.2856  [0,1,2,3,4,5,7,8,9,10... (+112)]
   12    121  Experiment                    +0.3260  [0,1,2,3,4,5,7,8,9,10... (+111)]
   13    120  :**↵↵                         -0.4678  [0,1,2,3,4,5,7,8,9,10... (+110)]
   14    120  Einstein                      +0.2851  [0,1,2,3,4,5,7,8,9,10... (+110)]
   15    120  UnityEngine                   +0.2811  [0,1,2,3,4,5,7,8,9,10... (+110)]
   16    118  cfg                           +0.2690  [0,1,2,3,4,5,7,8,9,10... (+108)]
   17    117  Momentum                      +0.2689  [0,1,2,3,4,5,7,8,9,10... (+107)]
   18    116  :_↵↵                          -0.3866  [0,2,3,4,5,7,8,9,10,11... (+106)]
   19    115  EJ                            -0.2628  [0,1,2,3,4,5,7,8,9,10... (+105)]
   20    114  ":"                           -0.3465  [0,2,3,4,5,7,8,9,10,11... (+104)]
   21    113  100                           +0.3054  [0,1,2,3,4,5,6,7,8,9... (+103)]
   22    113  Reaction                      +0.2623  [0,1,2,3,4,5,7,8,9,10... (+103)]
   23    111  Describe                      -0.6625  [0,2,3,4,5,7,8,9,10,11... (+101)]
   24    111  `:                            -0.3069  [0,2,3,4,5,7,8,9,10,11... (+101)]
   25    110  phenomenon                    +0.2654  [0,1,2,3,4,5,7,8,9,10... (+100)]
   26    107  ib                            -0.2914  [0,2,3,4,7,8,9,10,11,12... (+97)]
   27    107  _copy                         -0.2579  [0,1,2,3,4,5,7,8,9,10... (+97)]
   28    107  df                            -0.2599  [0,1,2,3,4,5,7,8,9,10... (+97)]
   29    106  :/                            -0.3420  [0,2,3,4,7,8,9,10,11,12... (+96)]
   30    105  Phenomen                      -0.2834  [0,2,3,4,7,8,9,10,11,12... (+95)]
   31    105  _**                           -0.2700  [0,2,3,4,7,8,9,10,11,12... (+95)]
   32    104  110                           -0.2696  [0,2,3,4,7,8,9,10,11,12... (+94)]
   33    104  Problem                       -0.2562  [0,2,3,4,5,7,8,9,10,11... (+94)]
   34    103  ("#                           +0.2569  [0,1,2,3,4,5,7,8,9,10... (+93)]
   35    101  ）：↵↵                          +0.2903  [0,2,3,4,7,8,9,10,11,12... (+91)]
   36    101  ）：                            +0.2949  [0,2,3,4,7,8,9,10,11,12... (+91)]
   37    101  _add                          -0.2548  [0,1,2,4,5,7,8,9,10,11... (+91)]
   38    100  _:                            -0.3426  [0,2,3,4,7,8,9,10,11,12... (+90)]
   39    100  》：                            -0.3076  [0,2,3,4,7,8,9,10,11,12... (+90)]
   40    100  _g                            -0.2549  [0,1,2,4,5,7,8,9,10,11... (+90)]
   41    100  】**                           +0.2824  [0,2,3,4,7,8,9,10,11,12... (+90)]
   42    100  Ram                           -0.2553  [0,1,2,4,5,7,8,9,10,11... (+90)]
   43    100  Kom                           +0.2741  [0,2,3,4,7,8,9,10,11,12... (+90)]
   44     99  :'                            -0.3417  [0,2,3,4,7,8,9,10,11,12... (+89)]
   45     99  \":                           -0.3486  [0,2,3,4,7,8,9,10,11,12... (+89)]
   46     99  design                        +0.2779  [0,2,3,4,7,8,9,10,11,12... (+89)]
   47     98  :#                            -0.3088  [0,2,3,4,7,8,9,10,11,12... (+88)]
   48     98  Revolution                    +0.2590  [0,1,2,4,5,7,8,9,10,11... (+88)]
   49     98  /_                            +0.2557  [0,2,3,4,5,7,8,9,10,11... (+88)]
   50     97  :_                            -0.3591  [0,2,3,4,7,8,9,10,11,12... (+87)]
   51     97  =\"                           -0.2910  [0,2,3,4,7,8,9,10,11,12... (+87)]
   52     97  销售                            -0.2542  [0,2,4,5,7,8,9,10,11,12... (+87)]
   53     97  购买                            -0.2696  [0,2,3,4,7,8,9,10,11,12... (+87)]
   54     96  :**:                          -0.3649  [0,2,3,4,7,8,9,10,11,12... (+86)]
   55     95  [:                            -0.2863  [0,2,3,4,7,8,9,10,11,12... (+85)]
   56     94  Exception                     +0.2777  [0,2,3,4,7,8,9,10,11,12... (+84)]
   57     93  **_                           -0.3188  [0,2,3,4,7,8,9,11,12,13... (+83)]
   58     91  You                           -0.2807  [0,1,2,4,5,6,7,8,9,10... (+81)]
   59     88  _d                            -0.2516  [0,1,2,4,5,6,7,8,10,11... (+78)]
   60     88  Living                        -0.2501  [0,1,2,4,5,7,8,9,10,11... (+78)]
   61     88  full                          -0.2486  [0,1,2,4,5,7,8,9,10,11... (+78)]
   62     87  outline                       -0.3427  [0,2,3,4,7,9,11,12,13,15... (+77)]
   63     87  ='                            -0.2736  [0,2,3,4,7,9,11,12,13,15... (+77)]
   64     86  :\                            -0.3175  [0,2,3,4,7,9,11,12,13,15... (+76)]
   65     86  }_                            -0.2552  [0,2,3,4,7,8,9,10,11,12... (+76)]
   66     86  immer                         +0.2766  [0,2,3,4,7,9,11,12,13,15... (+76)]
   67     85  philosopher                   -0.2469  [0,1,2,4,5,7,8,9,10,11... (+75)]
   68     85  112                           -0.3194  [0,2,3,4,7,9,11,12,13,15... (+75)]
   69     84  :</                           -0.3124  [0,2,3,4,7,9,11,12,13,15... (+74)]
   70     84  88                            +0.2605  [0,2,3,4,7,9,11,12,13,15... (+74)]
   71     84  Mob                           +0.3190  [0,2,3,4,7,9,11,12,13,15... (+74)]
   72     84  ]**                           -0.2863  [0,2,3,4,7,9,11,12,13,15... (+74)]
   73     84  dc                            -0.2735  [0,2,3,4,7,9,11,12,13,15... (+74)]
   74     83  ​                             -0.3176  [0,2,3,4,7,9,11,12,13,15... (+73)]
   75     83  outlines                      -0.3556  [0,2,3,4,7,9,11,12,13,15... (+73)]
   76     82  Leben                         +0.2613  [0,2,3,4,7,9,11,12,13,15... (+72)]
   77     81  Nav                           -0.2472  [0,1,2,4,5,7,8,10,11,12... (+71)]
   78     81  Hob                           +0.2934  [0,2,3,4,7,9,11,12,13,15... (+71)]
   79     81  ':'                           -0.3071  [0,2,3,4,7,9,11,12,13,15... (+71)]
   80     80  ]:↵↵                          -0.2963  [0,2,3,4,7,9,11,12,13,15... (+70)]


────────────────────────────────────────────────────────────────────────────────
METHOD 2: AVERAGE DIRECTION — project mean(head dirs) through embed
────────────────────────────────────────────────────────────────────────────────

 Rank  Token                           Score
---------------------------------------------
    1  Explain                       +0.4054
    2  Explain                       +0.2873
    3  Write                         +0.2833
    4  Thomas                        +0.2706
    5  words                         +0.2694
    6  Words                         +0.2542
    7  di                            -0.2503
    8  '.↵                           +0.2464
    9  ....↵                         +0.2448
   10  explains                      +0.2444
   11  Describe                      +0.2432
   12  explain                       +0.2416
   13  According                     +0.2398
   14  Government                    +0.2331
   15  <html                         +0.2299
   16  Nature                        +0.2285
   17  These                         +0.2252
   18  Application                   +0.2245
   19  fot                           -0.2236
   20  Compare                       +0.2224
   21  Bo                            -0.2212
   22  osomes                        +0.2210
   23  Speaking                      +0.2205
   24  777                           +0.2191
   25  ...↵                          +0.2188
   26  Communication                 +0.2179
   27  Thomas                        +0.2178
   28  !↵                            +0.2174
   29  Node                          +0.2161
   30  transportation                +0.2159
   31  explaining                    +0.2142
   32  也就是说                          +0.2140
   33  bl                            -0.2136
   34  Explanation                   +0.2136
   35  ---↵                          +0.2135
   36  The                           +0.2116
   37  Summar                        +0.2113
   38  Man                           +0.2112
   39  Words                         +0.2104
   40  ......↵                       +0.2099
   41  becomes                       +0.2097
   42  ';↵                           +0.2097
   43  aL                            +0.2091
   44  Write                         +0.2087
   45  jazz                          -0.2081
   46  ?↵                            +0.2079
   47  Understanding                 +0.2066
   48  residents                     +0.2059
   49  ocracy                        +0.2058
   50  ].↵                           +0.2050
