================================================================================
Model: M3
Layer: 7
Component: composed q_b[head] @ q_a (delta weights)
Heads: 128 (all form one cluster with avg |cos| > 0.9)
Top per head: 100
================================================================================

────────────────────────────────────────────────────────────────────────────────
METHOD 1: FREQUENCY — tokens appearing in many heads' top-100
────────────────────────────────────────────────────────────────────────────────

 Rank   Freq  Token                       BestScore  Sample heads
---------------------------------------------------------------------------
    1    128  150                           +0.4265  [0,1,2,3,4,5,6,7,8,9... (+118)]
    2    128  ble                           +0.2714  [0,1,2,3,4,5,6,7,8,9... (+118)]
    3    128  quantum                       +0.2636  [0,1,2,3,4,5,6,7,8,9... (+118)]
    4    128  153                           +0.2618  [0,1,2,3,4,5,6,7,8,9... (+118)]
    5    128  137                           +0.2330  [0,1,2,3,4,5,6,7,8,9... (+118)]
    6    128  152                           -0.2301  [0,1,2,3,4,5,6,7,8,9... (+118)]
    7    128  materials                     -0.2204  [0,1,2,3,4,5,6,7,8,9... (+118)]
    8    128  consumed                      -0.2204  [0,1,2,3,4,5,6,7,8,9... (+118)]
    9    128  **:                           -0.2212  [0,1,2,3,4,5,6,7,8,9... (+118)]
   10    128  organic                       +0.2209  [0,1,2,3,4,5,6,7,8,9... (+118)]
   11    128  algebra                       -0.2163  [0,1,2,3,4,5,6,7,8,9... (+118)]
   12    128  毛                             +0.2187  [0,1,2,3,4,5,6,7,8,9... (+118)]
   13    128  musical                       -0.2204  [0,1,2,3,4,5,6,7,8,9... (+118)]
   14    128  576                           +0.2166  [0,1,2,3,4,5,6,7,8,9... (+118)]
   15    128  151                           -0.2089  [0,1,2,3,4,5,6,7,8,9... (+118)]
   16    128  antenna                       -0.2025  [0,1,2,3,4,5,6,7,8,9... (+118)]
   17    128  hydrogen                      +0.2055  [0,1,2,3,4,5,6,7,8,9... (+118)]
   18    128  176                           -0.2014  [0,1,2,3,4,5,6,7,8,9... (+118)]
   19    128  calculus                      -0.1967  [0,1,2,3,4,5,6,7,8,9... (+118)]
   20    128  spectroscopy                  -0.1959  [0,1,2,3,4,5,6,7,8,9... (+118)]
   21    128  Ne                            -0.1975  [0,1,2,3,4,5,6,7,8,9... (+118)]
   22    128  tetra                         -0.1987  [0,1,2,3,4,5,6,7,8,9... (+118)]
   23    128  177                           -0.1965  [0,1,2,3,4,5,6,7,8,9... (+118)]
   24    128  aqueous                       -0.1962  [0,1,2,3,4,5,6,7,8,9... (+118)]
   25    128  electrons                     -0.1925  [0,1,2,3,4,5,6,7,8,9... (+118)]
   26    128  Match                         +0.1927  [0,1,2,3,4,5,6,7,8,9... (+118)]
   27    128  suggested                     +0.1911  [0,1,2,3,4,5,6,7,8,9... (+118)]
   28    128  Java                          +0.1979  [0,1,2,3,4,5,6,7,8,9... (+118)]
   29    128  Quantum                       +0.1915  [0,1,2,3,4,5,6,7,8,9... (+118)]
   30    128  आ                             +0.1916  [0,1,2,3,4,5,6,7,8,9... (+118)]
   31    128  fa                            +0.1904  [0,1,2,3,4,5,6,7,8,9... (+118)]
   32    128  附件                            -0.1901  [0,1,2,3,4,5,6,7,8,9... (+118)]
   33    128  illa                          +0.1934  [0,1,2,3,4,5,6,7,8,9... (+118)]
   34    128  temperature                   +0.1858  [0,1,2,3,4,5,6,7,8,9... (+118)]
   35    128  Mac                           -0.1819  [0,1,2,3,4,5,6,7,8,9... (+118)]
   36    128  Skill                         -0.1850  [0,1,2,3,4,5,6,7,8,9... (+118)]
   37    128  //↵                           +0.1801  [0,1,2,3,4,5,6,7,8,9... (+118)]
   38    128  theorems                      +0.1812  [0,1,2,3,4,5,6,7,8,9... (+118)]
   39    128  transformations               +0.1811  [0,1,2,3,4,5,6,7,8,9... (+118)]
   40    128  spectrometry                  +0.1814  [0,1,2,3,4,5,6,7,8,9... (+118)]
   41    128  446                           +0.1824  [0,1,2,3,4,5,6,7,8,9... (+118)]
   42    128  material                      +0.1810  [0,1,2,3,4,5,6,7,8,9... (+118)]
   43    128  spectra                       +0.1829  [0,1,2,3,4,5,6,7,8,9... (+118)]
   44    128  Japanese                      -0.1786  [0,1,2,3,4,5,6,7,8,9... (+118)]
   45    128  动词                            +0.1792  [0,1,2,3,4,5,6,7,8,9... (+118)]
   46    128  _once                         +0.1821  [0,1,2,3,4,5,6,7,8,9... (+118)]
   47    128  147                           +0.1816  [0,1,2,3,4,5,6,7,8,9... (+118)]
   48    128  Highlight                     +0.1796  [0,1,2,3,4,5,6,7,8,9... (+118)]
   49    128  577                           +0.1772  [0,1,2,3,4,5,6,7,8,9... (+118)]
   50    128  required                      -0.1784  [0,1,2,3,4,5,6,7,8,9... (+118)]
   51    128  thermodynamics                -0.1755  [0,1,2,3,4,5,6,7,8,9... (+118)]
   52    128  energies                      -0.1788  [0,1,2,3,4,5,6,7,8,9... (+118)]
   53    128  substances                    +0.1781  [0,1,2,3,4,5,6,7,8,9... (+118)]
   54    128  align                         +0.1755  [0,1,2,3,4,5,6,7,8,9... (+118)]
   55    128  Thomas                        -0.1754  [0,1,2,3,4,5,6,7,8,9... (+118)]
   56    128  phenomenon                    +0.1774  [0,1,2,3,4,5,6,7,8,9... (+118)]
   57    128  绳                             +0.1781  [0,1,2,3,4,5,6,7,8,9... (+118)]
   58    128  148                           -0.1784  [0,1,2,3,4,5,6,7,8,9... (+118)]
   59    128  容器                            +0.1780  [0,1,2,3,4,5,6,7,8,9... (+118)]
   60    128  336                           +0.1771  [0,1,2,3,4,5,6,7,8,9... (+118)]
   61    128  537                           +0.1762  [0,1,2,3,4,5,6,7,8,9... (+118)]
   62    128  375                           -0.1744  [0,1,2,3,4,5,6,7,8,9... (+118)]
   63    128  Grande                        -0.1769  [0,1,2,3,4,5,6,7,8,9... (+118)]
   64    128  mac                           -0.1745  [0,1,2,3,4,5,6,7,8,9... (+118)]
   65    128  Hebrew                        +0.1750  [0,1,2,3,4,5,6,7,8,9... (+118)]
   66    128  TEM                           -0.1720  [0,1,2,3,4,5,6,7,8,9... (+118)]
   67    128  875                           -0.1754  [0,1,2,3,4,5,6,7,8,9... (+118)]
   68    128  optera                        -0.1731  [0,1,2,3,4,5,6,7,8,9... (+118)]
   69    128  suggest                       +0.1735  [0,1,2,3,4,5,6,7,8,9... (+118)]
   70    128  orange                        -0.1725  [0,1,2,3,4,5,6,7,8,9... (+118)]
   71    128  creatures                     +0.1711  [0,1,2,3,4,5,6,7,8,9... (+118)]
   72    128  Mac                           -0.1716  [0,1,2,3,4,5,6,7,8,9... (+118)]
   73    128  suggests                      +0.1712  [0,1,2,3,4,5,6,7,8,9... (+118)]
   74    128  _container                    +0.1739  [0,1,2,3,4,5,6,7,8,9... (+118)]
   75    128  absorption                    -0.1711  [0,1,2,3,4,5,6,7,8,9... (+118)]
   76    128  167                           -0.1723  [0,1,2,3,4,5,6,7,8,9... (+118)]
   77    128  mammals                       +0.1706  [0,1,2,3,4,5,6,7,8,9... (+118)]
   78    128  electron                      -0.1707  [0,1,2,3,4,5,6,7,8,9... (+118)]
   79    128  体积                            +0.1696  [0,1,2,3,4,5,6,7,8,9... (+118)]
   80    128  Dict                          +0.1698  [0,1,2,3,4,5,6,7,8,9... (+118)]


────────────────────────────────────────────────────────────────────────────────
METHOD 2: AVERAGE DIRECTION — project mean(head dirs) through embed
────────────────────────────────────────────────────────────────────────────────

 Rank  Token                           Score
---------------------------------------------
    1  150                           +0.4223
    2  ble                           +0.2631
    3  quantum                       +0.2618
    4  153                           +0.2596
    5  137                           +0.2303
    6  152                           +0.2279
    7  materials                     +0.2196
    8  **:                           -0.2184
    9  consumed                      +0.2183
   10  organic                       +0.2160
   11  576                           +0.2149
   12  algebra                       +0.2144
   13  毛                             +0.2138
   14  musical                       +0.2127
   15  151                           +0.2063
   16  antenna                       +0.2007
   17  hydrogen                      +0.1993
   18  176                           +0.1983
   19  calculus                      +0.1949
   20  Ne                            +0.1944
   21  177                           +0.1928
   22  spectroscopy                  +0.1925
   23  tetra                         +0.1920
   24  aqueous                       +0.1915
   25  Java                          +0.1911
   26  suggested                     +0.1904
   27  आ                             +0.1904
   28  electrons                     +0.1897
   29  Match                         -0.1895
   30  Quantum                       +0.1893
   31  illa                          +0.1893
   32  附件                            +0.1880
   33  fa                            +0.1867
   34  temperature                   +0.1845
   35  theorems                      +0.1810
   36  Skill                         -0.1808
   37  446                           +0.1803
   38  _once                         -0.1799
   39  Mac                           +0.1798
   40  material                      +0.1798
   41  spectrometry                  +0.1792
   42  transformations               +0.1788
   43  //↵                           -0.1787
   44  spectra                       +0.1783
   45  147                           +0.1782
   46  动词                            +0.1777
   47  Japanese                      +0.1767
   48  Highlight                     -0.1765
   49  577                           +0.1758
   50  phenomenon                    +0.1753
