================================================================================
Model: M3
Layer: 52
Component: composed q_b[head] @ q_a (delta weights)
Heads: 128 (all form one cluster with avg |cos| > 0.9)
Top per head: 100
================================================================================

────────────────────────────────────────────────────────────────────────────────
METHOD 1: FREQUENCY — tokens appearing in many heads' top-100
────────────────────────────────────────────────────────────────────────────────

 Rank   Freq  Token                       BestScore  Sample heads
---------------------------------------------------------------------------
    1    128  Fran                          -0.1701  [0,1,2,3,4,5,6,7,8,9... (+118)]
    2    128  四方                            +0.1749  [0,1,2,3,4,5,6,7,8,9... (+118)]
    3    128  .props                        -0.1661  [0,1,2,3,4,5,6,7,8,9... (+118)]
    4    128  对他                            +0.1649  [0,1,2,3,4,5,6,7,8,9... (+118)]
    5    128  ↵                             +0.1617  [0,1,2,3,4,5,6,7,8,9... (+118)]
    6    128  Worth                         -0.1608  [0,1,2,3,4,5,6,7,8,9... (+118)]
    7    128  dominate                      +0.1673  [0,1,2,3,4,5,6,7,8,9... (+118)]
    8    128  简要                            +0.1592  [0,1,2,3,4,5,6,7,8,9... (+118)]
    9    128  @Override                     -0.1587  [0,1,2,3,4,5,6,7,8,9... (+118)]
   10    128  090                           +0.1591  [0,1,2,3,4,5,6,7,8,9... (+118)]
   11    128  东方                            +0.1606  [0,1,2,3,4,5,6,7,8,9... (+118)]
   12    128  -inspired                     +0.1566  [0,1,2,3,4,5,6,7,8,9... (+118)]
   13    128  sil                           +0.1533  [0,1,2,3,4,5,6,7,8,9... (+118)]
   14    128  四种                            +0.1579  [0,1,2,3,4,5,6,7,8,9... (+118)]
   15    128  硬币                            +0.1520  [0,1,2,3,4,5,6,7,8,9... (+118)]
   16    128  '].                           +0.1587  [0,1,2,3,4,5,6,7,8,9... (+118)]
   17    128  ス                             -0.1554  [0,1,2,3,4,5,6,7,8,9... (+118)]
   18    128  的电                            +0.1507  [0,1,2,3,4,5,6,7,8,9... (+118)]
   19    128  armed                         +0.1488  [0,1,2,3,4,5,6,7,8,9... (+118)]
   20    128  》、                            +0.1489  [0,1,2,3,4,5,6,7,8,9... (+118)]
   21    128  난                             +0.1478  [0,1,2,3,4,5,6,7,8,9... (+118)]
   22    128  استفاده                       -0.1536  [0,1,2,3,4,5,6,7,8,9... (+118)]
   23    128  Orthodox                      +0.1520  [0,1,2,3,4,5,6,7,8,9... (+118)]
   24    128  Tesla                         +0.1545  [0,1,2,3,4,5,6,7,8,9... (+118)]
   25    128  Plot                          -0.1463  [0,1,2,3,4,5,6,7,8,9... (+118)]
   26    128  Bold                          +0.1568  [0,1,2,3,4,5,6,7,8,9... (+118)]
   27    128  XI                            -0.1511  [0,1,2,3,4,5,6,7,8,9... (+118)]
   28    128  KH                            -0.1438  [0,1,2,3,4,5,6,7,8,9... (+118)]
   29    128  ▪                             +0.1466  [0,1,2,3,4,5,6,7,8,9... (+118)]
   30    128  izzazione                     -0.1467  [0,1,2,3,4,5,6,7,8,9... (+118)]
   31    128  截至                            +0.1498  [0,1,2,3,4,5,6,7,8,9... (+118)]
   32    128  提高                            -0.1435  [0,1,2,3,4,5,6,7,8,9... (+118)]
   33    128  削                             +0.1403  [0,1,2,3,4,5,6,7,8,9... (+118)]
   34    128  dominates                     +0.1390  [0,1,2,3,4,5,6,7,8,9... (+118)]
   35    128  een                           +0.1385  [0,1,2,3,4,5,6,7,8,9... (+118)]
   36    128  -neutral                      +0.1422  [0,1,2,3,4,5,6,7,8,9... (+118)]
   37    128  hopeful                       -0.1450  [0,1,2,3,4,5,6,7,8,9... (+118)]
   38    128  WG                            +0.1381  [0,1,2,3,4,5,6,7,8,9... (+118)]
   39    128  Ω                             +0.1385  [0,1,2,3,4,5,6,7,8,9... (+118)]
   40    128  Lanc                          +0.1373  [0,1,2,3,4,5,6,7,8,9... (+118)]
   41    128  -IV                           +0.1415  [0,1,2,3,4,5,6,7,8,9... (+118)]
   42    127  Saul                          -0.1568  [0,1,2,3,4,5,6,7,8,9... (+117)]
   43    127  则在                            +0.1480  [0,1,2,3,4,5,6,7,8,9... (+117)]
   44    127  籽                             +0.1479  [0,1,2,3,4,5,6,7,8,9... (+117)]
   45    127  پیش                           -0.1422  [0,1,2,3,4,5,6,7,8,9... (+117)]
   46    127  Dal                           -0.1430  [0,1,2,3,4,5,6,7,8,9... (+117)]
   47    127  序                             +0.1442  [0,1,2,3,4,5,6,7,8,9... (+117)]
   48    127  php                           -0.1464  [0,1,2,3,4,5,6,7,8,9... (+117)]
   49    127  Islamic                       +0.1451  [0,1,2,3,4,5,6,7,8,9... (+117)]
   50    127  운                             +0.1377  [0,1,2,3,4,5,6,7,8,9... (+117)]
   51    126  擦                             -0.1468  [0,1,2,3,4,5,6,7,8,9... (+116)]
   52    126  وب                            +0.1438  [0,1,2,3,4,5,6,7,8,9... (+116)]
   53    126  403                           -0.1435  [0,1,2,3,4,5,6,7,8,9... (+116)]
   54    125  .dat                          +0.1473  [0,1,2,3,4,5,6,7,8,9... (+115)]
   55    124  _cache                        +0.1503  [0,1,2,3,4,5,6,7,8,9... (+114)]
   56    124  刊                             +0.1421  [0,1,2,3,4,5,6,7,8,9... (+114)]
   57    124  Mer                           -0.1396  [0,1,2,3,4,5,6,7,8,9... (+114)]
   58    124  Clear                         -0.1426  [0,1,2,3,4,5,6,7,8,9... (+114)]
   59    123  tomorrow                      -0.1485  [0,1,2,3,4,5,6,7,8,9... (+113)]
   60    123  英格兰                           -0.1416  [0,1,2,3,4,5,6,7,8,9... (+113)]
   61    123  outfits                       +0.1377  [0,1,2,3,4,5,6,8,9,10... (+113)]
   62    123  sam                           -0.1449  [0,1,2,3,4,5,6,7,8,9... (+113)]
   63    123  反对                            -0.1527  [0,1,2,3,4,5,6,7,8,9... (+113)]
   64    122  》“                            +0.1444  [0,1,2,3,4,5,6,7,8,9... (+112)]
   65    122  401                           -0.1469  [0,1,2,3,4,5,6,7,8,9... (+112)]
   66    121  ↵↵                            -0.1474  [0,1,2,3,4,5,6,7,8,9... (+111)]
   67    121  Ariel                         +0.1382  [0,1,2,3,4,5,6,7,8,9... (+111)]
   68    121  理念                            +0.1373  [0,1,2,3,4,5,6,8,9,10... (+111)]
   69    120  complementary                 -0.1492  [0,1,2,3,4,5,6,7,8,9... (+110)]
   70    120  _re                           -0.1463  [0,1,2,3,4,5,6,8,9,10... (+110)]
   71    119  cache                         +0.1451  [0,1,2,3,4,5,6,7,8,9... (+109)]
   72    119  serialize                     -0.1435  [1,2,4,5,6,7,8,9,10,11... (+109)]
   73    116  割                             -0.1459  [0,1,2,3,4,5,6,7,8,9... (+106)]
   74    115  Combin                        +0.1372  [0,1,2,4,5,6,7,8,9,10... (+105)]
   75    113  mature                        +0.1445  [0,1,2,3,4,5,6,7,8,9... (+103)]
   76    113  Sb                            -0.1511  [1,2,4,5,6,7,8,9,10,11... (+103)]
   77    112  _true                         -0.1395  [0,2,3,4,5,6,7,8,9,10... (+102)]
   78    109  vis                           -0.1385  [0,1,2,3,4,5,6,8,9,10... (+99)]
   79    109  auf                           -0.1416  [0,1,2,3,4,5,6,7,8,9... (+99)]
   80    108  Snapshot                      +0.1408  [0,1,2,3,4,5,6,7,8,9... (+98)]


────────────────────────────────────────────────────────────────────────────────
METHOD 2: AVERAGE DIRECTION — project mean(head dirs) through embed
────────────────────────────────────────────────────────────────────────────────

 Rank  Token                           Score
---------------------------------------------
    1  撞击                            -0.1872
    2  热门                            +0.1673
    3  四方                            +0.1636
    4  401                           -0.1616
    5  sam                           -0.1592
    6  ZW                            -0.1591
    7  동                             +0.1583
    8  Popular                       +0.1566
    9  Kerala                        +0.1564
   10  dominate                      +0.1554
   11  threw                         -0.1536
   12  Esta                          +0.1522
   13  practices                     +0.1517
   14  Sb                            -0.1506
   15  php                           -0.1499
   16  乃至                            +0.1497
   17  uur                           +0.1495
   18  090                           +0.1488
   19  bars                          +0.1486
   20  Auf                           -0.1485
   21  所以我                           +0.1480
   22  煎                             -0.1477
   23  割                             -0.1470
   24  侵                             -0.1468
   25  拧                             -0.1467
   26  渠                             -0.1461
   27  今日                            +0.1461
   28  還在                            +0.1461
   29  worth                         -0.1458
   30  ス                             -0.1458
   31  Lawyer                        +0.1457
   32  _labels                       +0.1457
   33  怒                             -0.1449
   34  简要                            +0.1447
   35  对他                            -0.1445
   36  Rim                           -0.1439
   37  》“                            +0.1433
   38  表面上                           -0.1432
   39  auf                           -0.1428
   40  '].                           +0.1425
   41  ∣                             +0.1424
   42  反对                            -0.1422
   43  -neutral                      +0.1415
   44  Rest                          -0.1414
   45  استفاده                       -0.1413
   46  bang                          +0.1413
   47  Han                           +0.1412
   48  patrick                       -0.1410
   49  -inspired                     +0.1408
   50  mq                            -0.1408
