================================================================================
LAYER×LAYER COHERENCE MAP — M2
Cosine similarity between top-3 SVD directions of weight deltas
================================================================================

Singular values (modification strength):
  L0_q_a_proj         : σ=[0.337, 0.039, 0.029]  frob=0.51
  L0_o_proj           : σ=[2.977, 1.005, 0.641]  frob=3.43
  L1_q_a_proj         : σ=[0.336, 0.052, 0.041]  frob=0.42
  L1_o_proj           : σ=[3.073, 0.325, 0.306]  frob=3.29
  L2_q_a_proj         : σ=[0.467, 0.094, 0.072]  frob=0.59
  L2_o_proj           : σ=[3.217, 0.325, 0.245]  frob=3.46
  L3_q_a_proj         : σ=[0.889, 0.098, 0.076]  frob=1.03
  L3_o_proj           : σ=[2.650, 1.255, 0.577]  frob=3.33
  L4_q_a_proj         : σ=[1.297, 0.096, 0.071]  frob=1.52
  L4_o_proj           : σ=[2.732, 1.429, 0.398]  frob=3.42
  L5_q_a_proj         : σ=[0.352, 0.135, 0.065]  frob=0.55
  L5_o_proj           : σ=[3.081, 0.742, 0.339]  frob=3.62
  L6_q_a_proj         : σ=[0.627, 0.094, 0.063]  frob=0.79
  L6_o_proj           : σ=[2.920, 0.533, 0.274]  frob=3.42
  L7_q_a_proj         : σ=[0.671, 0.082, 0.064]  frob=0.86
  L7_o_proj           : σ=[2.635, 1.235, 0.278]  frob=3.42
  L8_q_a_proj         : σ=[0.554, 0.092, 0.068]  frob=0.73
  L8_o_proj           : σ=[2.730, 0.597, 0.309]  frob=3.25
  L9_q_a_proj         : σ=[0.601, 0.067, 0.060]  frob=0.82
  L9_o_proj           : σ=[2.430, 0.577, 0.352]  frob=3.05
  L10_q_a_proj        : σ=[0.976, 0.118, 0.068]  frob=1.18
  L10_o_proj          : σ=[2.083, 1.090, 0.515]  frob=3.08
  L11_q_a_proj        : σ=[0.914, 0.127, 0.105]  frob=1.10
  L11_o_proj          : σ=[2.235, 0.620, 0.264]  frob=2.83
  L12_q_a_proj        : σ=[0.729, 0.118, 0.088]  frob=0.91
  L12_o_proj          : σ=[2.017, 1.384, 0.496]  frob=3.20
  L19_q_a_proj        : σ=[0.606, 0.097, 0.075]  frob=0.83
  L19_o_proj          : σ=[1.877, 1.225, 0.754]  frob=3.10
  L20_q_a_proj        : σ=[0.603, 0.094, 0.055]  frob=0.84
  L20_o_proj          : σ=[1.963, 1.177, 0.579]  frob=3.12
  L21_q_a_proj        : σ=[0.399, 0.131, 0.071]  frob=0.63
  L21_o_proj          : σ=[2.145, 0.823, 0.448]  frob=3.04
  L28_q_a_proj        : σ=[0.419, 0.108, 0.063]  frob=0.71
  L28_o_proj          : σ=[2.037, 1.120, 0.818]  frob=3.24
  L29_q_a_proj        : σ=[0.400, 0.097, 0.070]  frob=0.69
  L29_o_proj          : σ=[1.962, 0.771, 0.600]  frob=2.94
  L30_q_a_proj        : σ=[0.410, 0.101, 0.086]  frob=0.68
  L30_o_proj          : σ=[1.744, 1.199, 0.592]  frob=3.08
  L31_q_a_proj        : σ=[0.285, 0.102, 0.092]  frob=0.60
  L31_o_proj          : σ=[1.987, 1.311, 0.730]  frob=3.35
  L32_q_a_proj        : σ=[0.491, 0.101, 0.071]  frob=0.79
  L32_o_proj          : σ=[1.862, 1.280, 0.641]  frob=3.18
  L39_q_a_proj        : σ=[0.622, 0.110, 0.069]  frob=0.93
  L39_o_proj          : σ=[1.947, 1.135, 0.985]  frob=3.28
  L40_q_a_proj        : σ=[0.526, 0.117, 0.110]  frob=0.91
  L40_o_proj          : σ=[2.250, 1.586, 1.018]  frob=3.88
  L47_q_a_proj        : σ=[0.469, 0.129, 0.071]  frob=0.76
  L47_o_proj          : σ=[3.606, 0.480, 0.273]  frob=4.19
  L48_q_a_proj        : σ=[0.391, 0.112, 0.080]  frob=0.64
  L48_o_proj          : σ=[3.176, 0.390, 0.221]  frob=3.78
  L49_q_a_proj        : σ=[0.682, 0.145, 0.105]  frob=0.99
  L49_o_proj          : σ=[2.248, 1.112, 0.609]  frob=3.42
  L50_q_a_proj        : σ=[0.230, 0.169, 0.086]  frob=0.54
  L50_o_proj          : σ=[2.301, 1.523, 1.204]  frob=3.82
  L51_q_a_proj        : σ=[0.427, 0.152, 0.082]  frob=0.69
  L51_o_proj          : σ=[2.912, 1.036, 0.404]  frob=3.69
  L52_q_a_proj        : σ=[0.772, 0.114, 0.085]  frob=1.05
  L52_o_proj          : σ=[2.011, 1.473, 0.926]  frob=3.44
  L53_q_a_proj        : σ=[0.472, 0.077, 0.066]  frob=0.71
  L53_o_proj          : σ=[2.400, 1.187, 0.729]  frob=3.44
  L54_q_a_proj        : σ=[0.453, 0.128, 0.076]  frob=0.66
  L54_o_proj          : σ=[2.594, 0.904, 0.699]  frob=3.51
  L55_q_a_proj        : σ=[0.409, 0.182, 0.084]  frob=0.74
  L55_o_proj          : σ=[2.308, 1.284, 0.785]  frob=3.45
  L56_q_a_proj        : σ=[0.568, 0.160, 0.076]  frob=0.81
  L56_o_proj          : σ=[2.796, 0.469, 0.310]  frob=3.41
  L57_q_a_proj        : σ=[0.665, 0.118, 0.064]  frob=0.87
  L57_o_proj          : σ=[2.356, 1.303, 0.344]  frob=3.28
  L58_q_a_proj        : σ=[0.828, 0.092, 0.072]  frob=1.00
  L58_o_proj          : σ=[2.384, 1.172, 0.479]  frob=3.13
  L59_q_a_proj        : σ=[0.801, 0.144, 0.105]  frob=0.99
  L59_o_proj          : σ=[2.412, 0.372, 0.242]  frob=2.99
  L60_q_a_proj        : σ=[1.107, 0.115, 0.068]  frob=1.24
  L60_o_proj          : σ=[2.688, 0.310, 0.207]  frob=3.10

────────────────────────────────────────────────────────────────────────────────
MAX COSINE COHERENCE (best direction match)
────────────────────────────────────────────────────────────────────────────────

                       L0.qa    L0.o   L1.qa    L1.o   L2.qa    L2.o   L3.qa    L3.o   L4.qa    L4.o   L5.qa    L5.o   L6.qa    L6.o   L7.qa    L7.o   L8.qa    L8.o   L9.qa    L9.o  L10.qa   L10.o  L11.qa   L11.o  L12.qa   L12.o  L19.qa   L19.o  L20.qa   L20.o  L21.qa   L21.o  L28.qa   L28.o  L29.qa   L29.o  L30.qa   L30.o  L31.qa   L31.o  L32.qa   L32.o  L39.qa   L39.o  L40.qa   L40.o  L47.qa   L47.o  L48.qa   L48.o  L49.qa   L49.o  L50.qa   L50.o  L51.qa   L51.o  L52.qa   L52.o  L53.qa   L53.o  L54.qa   L54.o  L55.qa   L55.o  L56.qa   L56.o  L57.qa   L57.o  L58.qa   L58.o  L59.qa   L59.o  L60.qa   L60.o
L0.qa                     ----   0.026   0.029   0.028   0.048   0.019   0.020   0.025   0.055   0.026   0.047   0.018   0.026   0.013   0.036   0.018   0.026   0.016   0.037   0.020   0.030   0.024   0.025   0.025   0.017   0.019   0.032   0.020   0.012   0.011   0.021   0.010   0.028   0.017   0.023   0.015   0.027   0.015   0.026   0.018   0.017   0.020   0.041   0.016   0.032   0.017   0.026   0.017   0.017   0.022   0.015   0.016   0.016   0.019   0.022   0.019   0.023   0.022   0.015   0.017   0.014   0.025   0.021   0.033   0.024   0.015   0.020   0.020   0.016   0.013   0.033   0.023   0.015   0.021
L0.o                     0.026    ----   0.046   0.938   0.024   0.949   0.054   0.913   0.017   0.832   0.057   0.704   0.037   0.747   0.037   0.675   0.084   0.651   0.021   0.591   0.033   0.531   0.121   0.527   0.018   0.400   0.020   0.186   0.028   0.267   0.028   0.207   0.014   0.128   0.022   0.130   0.017   0.114   0.015   0.100   0.025   0.098   0.017   0.067   0.030   0.051   0.032   0.024   0.038   0.028   0.016   0.044   0.030   0.014   0.012   0.022   0.036   0.020   0.022   0.023   0.025   0.011   0.020   0.020   0.024   0.025   0.026   0.017   0.033   0.015   0.021   0.018   0.019   0.027
L1.qa                    0.029   0.046    ----   0.024   0.099   0.038   0.070   0.024   0.030   0.022   0.038   0.023   0.082   0.023   0.021   0.021   0.034   0.022   0.053   0.024   0.026   0.016   0.023   0.027   0.017   0.021   0.033   0.017   0.023   0.025   0.017   0.021   0.019   0.021   0.019   0.026   0.006   0.019   0.017   0.026   0.019   0.021   0.044   0.017   0.016   0.015   0.038   0.017   0.016   0.018   0.007   0.016   0.030   0.025   0.013   0.019   0.031   0.021   0.021   0.010   0.019   0.015   0.013   0.012   0.023   0.017   0.018   0.014   0.016   0.012   0.031   0.032   0.022   0.021
L1.o                     0.028   0.938   0.024    ----   0.019   0.981   0.067   0.957   0.024   0.873   0.065   0.759   0.033   0.802   0.043   0.723   0.092   0.694   0.020   0.623   0.035   0.558   0.129   0.537   0.028   0.421   0.024   0.197   0.040   0.258   0.038   0.202   0.021   0.130   0.022   0.133   0.017   0.120   0.030   0.102   0.023   0.104   0.031   0.067   0.022   0.050   0.028   0.020   0.035   0.018   0.026   0.043   0.023   0.016   0.009   0.022   0.030   0.025   0.022   0.027   0.025   0.017   0.027   0.025   0.021   0.035   0.033   0.021   0.028   0.019   0.022   0.016   0.014   0.022
L2.qa                    0.048   0.024   0.099   0.019    ----   0.030   0.222   0.022   0.125   0.021   0.027   0.022   0.046   0.019   0.049   0.033   0.029   0.016   0.055   0.012   0.037   0.016   0.033   0.022   0.027   0.015   0.025   0.020   0.031   0.023   0.016   0.020   0.026   0.029   0.012   0.024   0.029   0.021   0.025   0.030   0.018   0.021   0.020   0.034   0.026   0.029   0.019   0.015   0.028   0.025   0.029   0.026   0.021   0.027   0.019   0.017   0.022   0.020   0.012   0.025   0.020   0.012   0.024   0.012   0.016   0.015   0.024   0.015   0.021   0.017   0.023   0.022   0.017   0.021
L2.o                     0.019   0.949   0.038   0.981   0.030    ----   0.065   0.966   0.043   0.888   0.063   0.765   0.033   0.802   0.045   0.725   0.091   0.692   0.026   0.629   0.037   0.564   0.126   0.545   0.035   0.423   0.024   0.199   0.034   0.265   0.021   0.206   0.015   0.133   0.026   0.133   0.017   0.119   0.026   0.103   0.025   0.103   0.022   0.071   0.033   0.053   0.037   0.032   0.034   0.029   0.018   0.039   0.027   0.020   0.013   0.021   0.033   0.026   0.024   0.027   0.026   0.014   0.025   0.027   0.020   0.021   0.025   0.015   0.024   0.016   0.027   0.017   0.014   0.023
L3.qa                    0.020   0.054   0.070   0.067   0.222   0.065    ----   0.054   0.428   0.039   0.123   0.030   0.098   0.028   0.152   0.032   0.067   0.031   0.113   0.024   0.068   0.029   0.067   0.030   0.032   0.025   0.016   0.023   0.029   0.033   0.026   0.034   0.029   0.020   0.029   0.027   0.019   0.022   0.025   0.033   0.018   0.023   0.023   0.024   0.022   0.019   0.030   0.022   0.035   0.022   0.019   0.029   0.017   0.019   0.022   0.025   0.027   0.021   0.014   0.031   0.015   0.029   0.032   0.015   0.019   0.023   0.020   0.028   0.018   0.016   0.030   0.025   0.012   0.023
L3.o                     0.025   0.913   0.024   0.957   0.022   0.966   0.054    ----   0.044   0.893   0.073   0.770   0.032   0.813   0.038   0.735   0.095   0.705   0.029   0.646   0.037   0.584   0.124   0.561   0.070   0.435   0.032   0.205   0.038   0.278   0.031   0.211   0.023   0.138   0.027   0.139   0.028   0.122   0.023   0.111   0.022   0.105   0.029   0.071   0.029   0.052   0.030   0.021   0.028   0.020   0.017   0.037   0.021   0.022   0.010   0.024   0.034   0.021   0.025   0.031   0.023   0.012   0.026   0.016   0.014   0.011   0.027   0.021   0.023   0.018   0.026   0.013   0.019   0.020
L4.qa                    0.055   0.017   0.030   0.024   0.125   0.043   0.428   0.044    ----   0.026   0.114   0.027   0.081   0.023   0.194   0.014   0.055   0.023   0.163   0.035   0.092   0.013   0.091   0.024   0.053   0.018   0.031   0.026   0.046   0.030   0.012   0.020   0.038   0.015   0.027   0.026   0.031   0.020   0.024   0.025   0.043   0.029   0.026   0.025   0.023   0.023   0.020   0.018   0.026   0.018   0.028   0.021   0.042   0.013   0.016   0.021   0.014   0.025   0.017   0.041   0.021   0.028   0.013   0.026   0.011   0.022   0.022   0.026   0.015   0.027   0.019   0.024   0.027   0.018
L4.o                     0.026   0.832   0.022   0.873   0.021   0.888   0.039   0.893   0.026    ----   0.066   0.760   0.034   0.813   0.046   0.737   0.098   0.666   0.037   0.633   0.040   0.591   0.134   0.622   0.052   0.421   0.019   0.299   0.040   0.278   0.036   0.260   0.029   0.155   0.032   0.146   0.023   0.126   0.024   0.116   0.045   0.108   0.022   0.070   0.025   0.043   0.028   0.018   0.051   0.023   0.013   0.030   0.021   0.017   0.017   0.022   0.031   0.019   0.021   0.022   0.024   0.015   0.022   0.019   0.029   0.029   0.029   0.016   0.027   0.017   0.027   0.017   0.020   0.021
L5.qa                    0.047   0.057   0.038   0.065   0.027   0.063   0.123   0.073   0.114   0.066    ----   0.057   0.082   0.046   0.069   0.061   0.055   0.058   0.063   0.047   0.058   0.037   0.063   0.035   0.032   0.031   0.033   0.023   0.028   0.031   0.026   0.020   0.019   0.026   0.017   0.027   0.026   0.023   0.020   0.025   0.020   0.029   0.018   0.018   0.022   0.032   0.021   0.016   0.017   0.021   0.017   0.036   0.021   0.039   0.023   0.028   0.022   0.026   0.024   0.021   0.011   0.028   0.017   0.029   0.016   0.023   0.017   0.024   0.024   0.016   0.022   0.023   0.015   0.018
L5.o                     0.018   0.704   0.023   0.759   0.022   0.765   0.030   0.770   0.027   0.760   0.057    ----   0.035   0.900   0.042   0.847   0.067   0.759   0.037   0.661   0.031   0.596   0.152   0.477   0.039   0.574   0.023   0.248   0.039   0.251   0.036   0.211   0.018   0.123   0.042   0.118   0.021   0.113   0.028   0.119   0.022   0.107   0.018   0.063   0.026   0.050   0.021   0.021   0.025   0.033   0.019   0.037   0.028   0.027   0.018   0.031   0.035   0.035   0.030   0.024   0.035   0.033   0.034   0.026   0.031   0.023   0.024   0.021   0.034   0.014   0.028   0.014   0.032   0.016
L6.qa                    0.026   0.037   0.082   0.033   0.046   0.033   0.098   0.032   0.081   0.034   0.082   0.035    ----   0.036   0.104   0.026   0.116   0.025   0.129   0.025   0.161   0.038   0.131   0.038   0.089   0.025   0.067   0.025   0.040   0.021   0.019   0.026   0.032   0.018   0.023   0.022   0.023   0.022   0.017   0.026   0.019   0.023   0.018   0.029   0.015   0.014   0.028   0.017   0.022   0.021   0.019   0.018   0.022   0.014   0.019   0.011   0.021   0.022   0.023   0.027   0.026   0.038   0.021   0.030   0.018   0.034   0.029   0.035   0.016   0.034   0.017   0.026   0.018   0.032
L6.o                     0.013   0.747   0.023   0.802   0.019   0.802   0.028   0.813   0.023   0.813   0.046   0.900   0.036    ----   0.043   0.886   0.070   0.823   0.034   0.719   0.037   0.637   0.155   0.566   0.032   0.555   0.024   0.243   0.040   0.254   0.026   0.233   0.021   0.140   0.036   0.141   0.017   0.127   0.024   0.127   0.029   0.117   0.010   0.069   0.023   0.042   0.032   0.021   0.020   0.026   0.022   0.036   0.024   0.022   0.010   0.024   0.037   0.025   0.022   0.031   0.018   0.017   0.032   0.040   0.016   0.032   0.028   0.043   0.023   0.034   0.027   0.024   0.020   0.021
L7.qa                    0.036   0.037   0.021   0.043   0.049   0.045   0.152   0.038   0.194   0.046   0.069   0.042   0.104   0.043    ----   0.038   0.068   0.036   0.187   0.043   0.132   0.043   0.112   0.047   0.075   0.036   0.056   0.043   0.069   0.037   0.027   0.046   0.028   0.024   0.022   0.016   0.027   0.023   0.041   0.014   0.038   0.019   0.018   0.022   0.017   0.018   0.035   0.015   0.010   0.013   0.016   0.024   0.031   0.024   0.025   0.015   0.029   0.021   0.018   0.016   0.020   0.017   0.011   0.031   0.043   0.010   0.019   0.011   0.016   0.021   0.029   0.011   0.019   0.029
L7.o                     0.018   0.675   0.021   0.723   0.033   0.725   0.032   0.735   0.014   0.737   0.061   0.847   0.026   0.886   0.038    ----   0.074   0.898   0.031   0.727   0.035   0.652   0.156   0.546   0.040   0.599   0.037   0.260   0.039   0.241   0.032   0.244   0.033   0.131   0.029   0.134   0.015   0.126   0.020   0.122   0.026   0.111   0.020   0.067   0.021   0.042   0.023   0.017   0.023   0.034   0.023   0.030   0.015   0.024   0.015   0.025   0.036   0.026   0.022   0.027   0.031   0.017   0.032   0.031   0.016   0.025   0.018   0.024   0.027   0.024   0.019   0.020   0.016   0.018
L8.qa                    0.026   0.084   0.034   0.092   0.029   0.091   0.067   0.095   0.055   0.098   0.055   0.067   0.116   0.070   0.068   0.074    ----   0.091   0.083   0.077   0.107   0.070   0.099   0.076   0.120   0.057   0.055   0.038   0.030   0.041   0.048   0.015   0.037   0.030   0.035   0.030   0.030   0.023   0.037   0.027   0.030   0.020   0.026   0.015   0.027   0.017   0.019   0.019   0.026   0.016   0.025   0.021   0.022   0.016   0.025   0.024   0.024   0.029   0.028   0.035   0.021   0.029   0.019   0.028   0.018   0.019   0.023   0.018   0.026   0.028   0.030   0.019   0.021   0.029
L8.o                     0.016   0.651   0.022   0.694   0.016   0.692   0.031   0.705   0.023   0.666   0.058   0.759   0.025   0.823   0.036   0.898   0.091    ----   0.026   0.768   0.034   0.659   0.139   0.554   0.054   0.585   0.040   0.275   0.039   0.269   0.037   0.225   0.027   0.131   0.027   0.134   0.022   0.129   0.023   0.115   0.029   0.119   0.024   0.065   0.021   0.045   0.024   0.025   0.028   0.027   0.019   0.036   0.019   0.031   0.024   0.028   0.031   0.024   0.021   0.033   0.032   0.018   0.038   0.029   0.020   0.033   0.020   0.035   0.024   0.036   0.028   0.015   0.012   0.017
L9.qa                    0.037   0.021   0.053   0.020   0.055   0.026   0.113   0.029   0.163   0.037   0.063   0.037   0.129   0.034   0.187   0.031   0.083   0.026    ----   0.034   0.252   0.022   0.288   0.033   0.132   0.023   0.082   0.028   0.111   0.030   0.063   0.035   0.056   0.022   0.028   0.023   0.031   0.025   0.040   0.019   0.046   0.032   0.021   0.014   0.022   0.021   0.023   0.028   0.027   0.025   0.022   0.027   0.029   0.013   0.017   0.018   0.015   0.016   0.021   0.019   0.017   0.028   0.014   0.030   0.039   0.017   0.013   0.016   0.026   0.031   0.016   0.017   0.017   0.026
L9.o                     0.020   0.591   0.024   0.623   0.012   0.629   0.024   0.646   0.035   0.633   0.047   0.661   0.025   0.719   0.043   0.727   0.077   0.768   0.034    ----   0.039   0.860   0.152   0.735   0.031   0.675   0.043   0.366   0.040   0.358   0.020   0.317   0.049   0.180   0.032   0.171   0.032   0.160   0.035   0.151   0.024   0.138   0.014   0.097   0.017   0.063   0.025   0.042   0.033   0.033   0.016   0.039   0.025   0.028   0.025   0.039   0.038   0.045   0.035   0.036   0.036   0.015   0.041   0.026   0.026   0.026   0.026   0.018   0.032   0.023   0.029   0.023   0.023   0.016
L10.qa                   0.030   0.033   0.026   0.035   0.037   0.037   0.068   0.037   0.092   0.040   0.058   0.031   0.161   0.037   0.132   0.035   0.107   0.034   0.252   0.039    ----   0.039   0.390   0.042   0.216   0.034   0.137   0.027   0.141   0.027   0.067   0.034   0.103   0.029   0.030   0.032   0.045   0.025   0.063   0.036   0.070   0.025   0.046   0.029   0.032   0.028   0.012   0.028   0.024   0.038   0.033   0.029   0.061   0.013   0.024   0.017   0.041   0.024   0.035   0.017   0.023   0.029   0.039   0.018   0.044   0.028   0.051   0.040   0.028   0.023   0.028   0.023   0.024   0.034
L10.o                    0.024   0.531   0.016   0.558   0.016   0.564   0.029   0.584   0.013   0.591   0.037   0.596   0.038   0.637   0.043   0.652   0.070   0.659   0.022   0.860   0.039    ----   0.131   0.792   0.034   0.730   0.041   0.414   0.033   0.364   0.034   0.342   0.037   0.208   0.031   0.190   0.031   0.175   0.038   0.179   0.029   0.147   0.015   0.092   0.017   0.072   0.025   0.050   0.026   0.041   0.034   0.044   0.028   0.045   0.016   0.031   0.033   0.031   0.023   0.035   0.025   0.016   0.043   0.029   0.018   0.025   0.024   0.020   0.032   0.027   0.020   0.023   0.026   0.015
L11.qa                   0.025   0.121   0.023   0.129   0.033   0.126   0.067   0.124   0.091   0.134   0.063   0.152   0.131   0.155   0.112   0.156   0.099   0.139   0.288   0.152   0.390   0.131    ----   0.123   0.281   0.116   0.141   0.097   0.183   0.070   0.091   0.090   0.096   0.039   0.041   0.040   0.049   0.021   0.050   0.040   0.085   0.027   0.051   0.033   0.030   0.048   0.040   0.037   0.032   0.033   0.044   0.038   0.035   0.037   0.035   0.036   0.030   0.020   0.031   0.018   0.042   0.026   0.039   0.022   0.051   0.022   0.028   0.035   0.027   0.015   0.034   0.027   0.024   0.032
L11.o                    0.025   0.527   0.027   0.537   0.022   0.545   0.030   0.561   0.024   0.622   0.035   0.477   0.038   0.566   0.047   0.546   0.076   0.554   0.033   0.735   0.042   0.792   0.123    ----   0.038   0.619   0.037   0.408   0.034   0.452   0.033   0.404   0.023   0.230   0.038   0.229   0.019   0.208   0.027   0.166   0.029   0.162   0.017   0.104   0.021   0.065   0.033   0.033   0.021   0.036   0.025   0.039   0.028   0.042   0.032   0.042   0.034   0.041   0.023   0.033   0.031   0.017   0.035   0.035   0.023   0.034   0.032   0.032   0.026   0.024   0.035   0.025   0.018   0.026
L12.qa                   0.017   0.018   0.017   0.028   0.027   0.035   0.032   0.070   0.053   0.052   0.032   0.039   0.089   0.032   0.075   0.040   0.120   0.054   0.132   0.031   0.216   0.034   0.281   0.038    ----   0.035   0.098   0.036   0.091   0.031   0.053   0.017   0.056   0.022   0.037   0.021   0.026   0.023   0.042   0.024   0.047   0.017   0.019   0.016   0.022   0.028   0.025   0.027   0.023   0.021   0.019   0.022   0.023   0.023   0.018   0.023   0.021   0.021   0.033   0.019   0.025   0.036   0.036   0.013   0.041   0.030   0.027   0.026   0.023   0.029   0.025   0.030   0.025   0.022
L12.o                    0.019   0.400   0.021   0.421   0.015   0.423   0.025   0.435   0.018   0.421   0.031   0.574   0.025   0.555   0.036   0.599   0.057   0.585   0.023   0.675   0.034   0.730   0.116   0.619   0.035    ----   0.035   0.404   0.030   0.375   0.053   0.308   0.023   0.178   0.045   0.162   0.018   0.158   0.031   0.175   0.033   0.151   0.016   0.073   0.020   0.061   0.035   0.036   0.038   0.035   0.027   0.042   0.020   0.022   0.021   0.032   0.023   0.031   0.017   0.033   0.026   0.016   0.052   0.041   0.028   0.024   0.021   0.032   0.015   0.023   0.028   0.020   0.028   0.018
L19.qa                   0.032   0.020   0.033   0.024   0.025   0.024   0.016   0.032   0.031   0.019   0.033   0.023   0.067   0.024   0.056   0.037   0.055   0.040   0.082   0.043   0.137   0.041   0.141   0.037   0.098   0.035    ----   0.035   0.239   0.033   0.127   0.028   0.111   0.024   0.087   0.037   0.057   0.025   0.057   0.023   0.096   0.032   0.059   0.034   0.041   0.041   0.037   0.014   0.027   0.019   0.038   0.020   0.018   0.021   0.027   0.018   0.039   0.011   0.049   0.013   0.029   0.024   0.026   0.024   0.027   0.021   0.025   0.016   0.048   0.009   0.034   0.027   0.039   0.024
L19.o                    0.020   0.186   0.017   0.197   0.020   0.199   0.023   0.205   0.026   0.299   0.023   0.248   0.025   0.243   0.043   0.260   0.038   0.275   0.028   0.366   0.027   0.414   0.097   0.408   0.036   0.404   0.035    ----   0.044   0.586   0.062   0.691   0.048   0.316   0.038   0.245   0.038   0.216   0.040   0.244   0.045   0.201   0.018   0.140   0.031   0.118   0.028   0.076   0.068   0.061   0.029   0.052   0.027   0.048   0.024   0.050   0.060   0.054   0.023   0.036   0.029   0.025   0.046   0.037   0.021   0.044   0.032   0.046   0.015   0.037   0.040   0.021   0.018   0.021
L20.qa                   0.012   0.028   0.023   0.040   0.031   0.034   0.029   0.038   0.046   0.040   0.028   0.039   0.040   0.040   0.069   0.039   0.030   0.039   0.111   0.040   0.141   0.033   0.183   0.034   0.091   0.030   0.239   0.044    ----   0.038   0.136   0.032   0.158   0.024   0.105   0.032   0.072   0.036   0.091   0.034   0.089   0.047   0.082   0.022   0.050   0.026   0.057   0.024   0.027   0.025   0.028   0.026   0.037   0.040   0.024   0.021   0.026   0.026   0.045   0.011   0.046   0.035   0.051   0.014   0.035   0.025   0.017   0.031   0.052   0.023   0.033   0.015   0.028   0.016
L20.o                    0.011   0.267   0.025   0.258   0.023   0.265   0.033   0.278   0.030   0.278   0.031   0.251   0.021   0.254   0.037   0.241   0.041   0.269   0.030   0.358   0.027   0.364   0.070   0.452   0.031   0.375   0.033   0.586   0.038    ----   0.054   0.619   0.065   0.300   0.055   0.338   0.036   0.285   0.036   0.216   0.037   0.201   0.026   0.163   0.038   0.109   0.029   0.054   0.063   0.048   0.028   0.061   0.033   0.034   0.026   0.049   0.040   0.045   0.026   0.066   0.018   0.035   0.042   0.037   0.024   0.025   0.017   0.040   0.024   0.033   0.032   0.012   0.019   0.016
L21.qa                   0.021   0.028   0.017   0.038   0.016   0.021   0.026   0.031   0.012   0.036   0.026   0.036   0.019   0.026   0.027   0.032   0.048   0.037   0.063   0.020   0.067   0.034   0.091   0.033   0.053   0.053   0.127   0.062   0.136   0.054    ----   0.026   0.114   0.027   0.058   0.024   0.043   0.024   0.045   0.024   0.067   0.022   0.035   0.023   0.053   0.017   0.038   0.041   0.020   0.024   0.030   0.020   0.032   0.020   0.022   0.024   0.020   0.021   0.020   0.029   0.031   0.036   0.019   0.031   0.047   0.014   0.032   0.031   0.033   0.016   0.019   0.017   0.024   0.019
L21.o                    0.010   0.207   0.021   0.202   0.020   0.206   0.034   0.211   0.020   0.260   0.020   0.211   0.026   0.233   0.046   0.244   0.015   0.225   0.035   0.317   0.034   0.342   0.090   0.404   0.017   0.308   0.028   0.691   0.032   0.619   0.026    ----   0.045   0.397   0.043   0.344   0.034   0.290   0.036   0.267   0.039   0.242   0.032   0.162   0.038   0.124   0.016   0.074   0.043   0.060   0.038   0.042   0.026   0.049   0.029   0.044   0.047   0.048   0.026   0.042   0.015   0.039   0.046   0.036   0.026   0.038   0.030   0.040   0.019   0.034   0.028   0.027   0.024   0.025
L28.qa                   0.028   0.014   0.019   0.021   0.026   0.015   0.029   0.023   0.038   0.029   0.019   0.018   0.032   0.021   0.028   0.033   0.037   0.027   0.056   0.049   0.103   0.037   0.096   0.023   0.056   0.023   0.111   0.048   0.158   0.065   0.114   0.045    ----   0.070   0.207   0.056   0.117   0.046   0.161   0.050   0.160   0.044   0.086   0.022   0.083   0.017   0.097   0.033   0.046   0.021   0.037   0.016   0.069   0.035   0.055   0.021   0.059   0.028   0.060   0.027   0.034   0.022   0.066   0.024   0.083   0.024   0.049   0.032   0.054   0.029   0.067   0.026   0.042   0.019
L28.o                    0.017   0.128   0.021   0.130   0.029   0.133   0.020   0.138   0.015   0.155   0.026   0.123   0.018   0.140   0.024   0.131   0.030   0.131   0.022   0.180   0.029   0.208   0.039   0.230   0.022   0.178   0.024   0.316   0.024   0.300   0.027   0.397   0.070    ----   0.060   0.764   0.048   0.603   0.055   0.567   0.082   0.488   0.031   0.269   0.070   0.214   0.040   0.122   0.047   0.115   0.054   0.085   0.041   0.095   0.026   0.097   0.028   0.090   0.011   0.091   0.036   0.075   0.072   0.075   0.017   0.075   0.037   0.060   0.023   0.067   0.038   0.048   0.024   0.023
L29.qa                   0.023   0.022   0.019   0.022   0.012   0.026   0.029   0.027   0.027   0.032   0.017   0.042   0.023   0.036   0.022   0.029   0.035   0.027   0.028   0.032   0.030   0.031   0.041   0.038   0.037   0.045   0.087   0.038   0.105   0.055   0.058   0.043   0.207   0.060    ----   0.047   0.102   0.057   0.130   0.058   0.131   0.044   0.093   0.046   0.083   0.021   0.049   0.025   0.052   0.025   0.063   0.029   0.062   0.024   0.026   0.019   0.038   0.014   0.055   0.020   0.044   0.013   0.047   0.020   0.030   0.028   0.025   0.021   0.047   0.016   0.044   0.016   0.041   0.011
L29.o                    0.015   0.130   0.026   0.133   0.024   0.133   0.027   0.139   0.026   0.146   0.027   0.118   0.022   0.141   0.016   0.134   0.030   0.134   0.023   0.171   0.032   0.190   0.040   0.229   0.021   0.162   0.037   0.245   0.032   0.338   0.024   0.344   0.056   0.764   0.047    ----   0.037   0.760   0.051   0.548   0.084   0.559   0.028   0.371   0.044   0.176   0.042   0.120   0.067   0.111   0.048   0.118   0.028   0.111   0.032   0.103   0.028   0.100   0.024   0.124   0.031   0.091   0.065   0.074   0.021   0.074   0.035   0.065   0.025   0.053   0.037   0.029   0.017   0.041
L30.qa                   0.027   0.017   0.006   0.017   0.029   0.017   0.019   0.028   0.031   0.023   0.026   0.021   0.023   0.017   0.027   0.015   0.030   0.022   0.031   0.032   0.045   0.031   0.049   0.019   0.026   0.018   0.057   0.038   0.072   0.036   0.043   0.034   0.117   0.048   0.102   0.037    ----   0.033   0.153   0.061   0.092   0.020   0.042   0.027   0.033   0.016   0.052   0.019   0.054   0.021   0.050   0.033   0.038   0.038   0.038   0.033   0.064   0.022   0.038   0.030   0.037   0.019   0.077   0.016   0.034   0.023   0.047   0.027   0.021   0.018   0.048   0.021   0.037   0.032
L30.o                    0.015   0.114   0.019   0.120   0.021   0.119   0.022   0.122   0.020   0.126   0.023   0.113   0.022   0.127   0.023   0.126   0.023   0.129   0.025   0.160   0.025   0.175   0.021   0.208   0.023   0.158   0.025   0.216   0.036   0.285   0.024   0.290   0.046   0.603   0.057   0.760   0.033    ----   0.059   0.626   0.067   0.660   0.022   0.427   0.057   0.238   0.053   0.151   0.077   0.109   0.028   0.151   0.033   0.108   0.026   0.111   0.028   0.112   0.026   0.137   0.038   0.097   0.078   0.099   0.034   0.083   0.030   0.095   0.033   0.072   0.047   0.046   0.023   0.029
L31.qa                   0.026   0.015   0.017   0.030   0.025   0.026   0.025   0.023   0.024   0.024   0.020   0.028   0.017   0.024   0.041   0.020   0.037   0.023   0.040   0.035   0.063   0.038   0.050   0.027   0.042   0.031   0.057   0.040   0.091   0.036   0.045   0.036   0.161   0.055   0.130   0.051   0.153   0.059    ----   0.075   0.097   0.037   0.082   0.054   0.094   0.033   0.047   0.029   0.065   0.020   0.038   0.018   0.048   0.029   0.039   0.024   0.038   0.018   0.022   0.022   0.039   0.042   0.052   0.018   0.051   0.020   0.027   0.028   0.045   0.026   0.029   0.025   0.045   0.019
L31.o                    0.018   0.100   0.026   0.102   0.030   0.103   0.033   0.111   0.025   0.116   0.025   0.119   0.026   0.127   0.014   0.122   0.027   0.115   0.019   0.151   0.036   0.179   0.040   0.166   0.024   0.175   0.023   0.244   0.034   0.216   0.024   0.267   0.050   0.567   0.058   0.548   0.061   0.626   0.075    ----   0.050   0.700   0.033   0.335   0.059   0.380   0.040   0.145   0.068   0.187   0.045   0.153   0.049   0.149   0.035   0.098   0.044   0.114   0.015   0.111   0.045   0.114   0.095   0.093   0.026   0.098   0.048   0.091   0.031   0.091   0.034   0.062   0.022   0.059
L32.qa                   0.017   0.025   0.019   0.023   0.018   0.025   0.018   0.022   0.043   0.045   0.020   0.022   0.019   0.029   0.038   0.026   0.030   0.029   0.046   0.024   0.070   0.029   0.085   0.029   0.047   0.033   0.096   0.045   0.089   0.037   0.067   0.039   0.160   0.082   0.131   0.084   0.092   0.067   0.097   0.050    ----   0.040   0.108   0.037   0.118   0.035   0.061   0.033   0.045   0.043   0.065   0.025   0.063   0.038   0.043   0.033   0.050   0.032   0.062   0.020   0.060   0.017   0.053   0.031   0.066   0.022   0.048   0.029   0.053   0.024   0.064   0.034   0.061   0.032
L32.o                    0.020   0.098   0.021   0.104   0.021   0.103   0.023   0.105   0.029   0.108   0.029   0.107   0.023   0.117   0.019   0.111   0.020   0.119   0.032   0.138   0.025   0.147   0.027   0.162   0.017   0.151   0.032   0.201   0.047   0.201   0.022   0.242   0.044   0.488   0.044   0.559   0.020   0.660   0.037   0.700   0.040    ----   0.022   0.459   0.043   0.355   0.047   0.205   0.077   0.157   0.066   0.184   0.035   0.149   0.019   0.117   0.047   0.156   0.021   0.127   0.037   0.100   0.093   0.106   0.035   0.087   0.045   0.120   0.036   0.096   0.044   0.070   0.022   0.050
L39.qa                   0.041   0.017   0.044   0.031   0.020   0.022   0.023   0.029   0.026   0.022   0.018   0.018   0.018   0.010   0.018   0.020   0.026   0.024   0.021   0.014   0.046   0.015   0.051   0.017   0.019   0.016   0.059   0.018   0.082   0.026   0.035   0.032   0.086   0.031   0.093   0.028   0.042   0.022   0.082   0.033   0.108   0.022    ----   0.053   0.165   0.025   0.112   0.018   0.041   0.035   0.128   0.023   0.073   0.028   0.047   0.028   0.035   0.026   0.079   0.030   0.092   0.021   0.091   0.031   0.061   0.020   0.046   0.031   0.115   0.022   0.076   0.020   0.075   0.015
L39.o                    0.016   0.067   0.017   0.067   0.034   0.071   0.024   0.071   0.025   0.070   0.018   0.063   0.029   0.069   0.022   0.067   0.015   0.065   0.014   0.097   0.029   0.092   0.033   0.104   0.016   0.073   0.034   0.140   0.022   0.163   0.023   0.162   0.022   0.269   0.046   0.371   0.027   0.427   0.054   0.335   0.037   0.459   0.053    ----   0.035   0.499   0.048   0.417   0.103   0.321   0.062   0.379   0.051   0.313   0.030   0.326   0.060   0.268   0.063   0.328   0.057   0.223   0.118   0.223   0.052   0.195   0.076   0.231   0.042   0.167   0.066   0.133   0.026   0.092
L40.qa                   0.032   0.030   0.016   0.022   0.026   0.033   0.022   0.029   0.023   0.025   0.022   0.026   0.015   0.023   0.017   0.021   0.027   0.021   0.022   0.017   0.032   0.017   0.030   0.021   0.022   0.020   0.041   0.031   0.050   0.038   0.053   0.038   0.083   0.070   0.083   0.044   0.033   0.057   0.094   0.059   0.118   0.043   0.165   0.035    ----   0.045   0.090   0.027   0.042   0.026   0.128   0.023   0.093   0.033   0.054   0.018   0.066   0.032   0.075   0.021   0.069   0.026   0.081   0.039   0.111   0.019   0.042   0.023   0.052   0.024   0.086   0.027   0.070   0.029
L40.o                    0.017   0.051   0.015   0.050   0.029   0.053   0.019   0.052   0.023   0.043   0.032   0.050   0.014   0.042   0.018   0.042   0.017   0.045   0.021   0.063   0.028   0.072   0.048   0.065   0.028   0.061   0.041   0.118   0.026   0.109   0.017   0.124   0.017   0.214   0.021   0.176   0.016   0.238   0.033   0.380   0.035   0.355   0.025   0.499   0.045    ----   0.060   0.327   0.096   0.370   0.072   0.276   0.041   0.340   0.041   0.308   0.038   0.268   0.061   0.256   0.028   0.223   0.109   0.231   0.049   0.220   0.074   0.159   0.044   0.181   0.069   0.128   0.030   0.065
L47.qa                   0.026   0.032   0.038   0.028   0.019   0.037   0.030   0.030   0.020   0.028   0.021   0.021   0.028   0.032   0.035   0.023   0.019   0.024   0.023   0.025   0.012   0.025   0.040   0.033   0.025   0.035   0.037   0.028   0.057   0.029   0.038   0.016   0.097   0.040   0.049   0.042   0.052   0.053   0.047   0.040   0.061   0.047   0.112   0.048   0.090   0.060    ----   0.040   0.087   0.049   0.108   0.037   0.077   0.052   0.064   0.041   0.071   0.054   0.078   0.051   0.084   0.045   0.090   0.035   0.135   0.060   0.052   0.060   0.137   0.052   0.061   0.040   0.078   0.039
L47.o                    0.017   0.024   0.017   0.020   0.015   0.032   0.022   0.021   0.018   0.018   0.016   0.021   0.017   0.021   0.015   0.017   0.019   0.025   0.028   0.042   0.028   0.050   0.037   0.033   0.027   0.036   0.014   0.076   0.024   0.054   0.041   0.074   0.033   0.122   0.025   0.120   0.019   0.151   0.029   0.145   0.033   0.205   0.018   0.417   0.027   0.327   0.040    ----   0.072   0.679   0.073   0.513   0.053   0.473   0.042   0.669   0.054   0.488   0.048   0.453   0.057   0.374   0.155   0.453   0.041   0.413   0.103   0.322   0.063   0.332   0.068   0.223   0.029   0.144
L48.qa                   0.017   0.038   0.016   0.035   0.028   0.034   0.035   0.028   0.026   0.051   0.017   0.025   0.022   0.020   0.010   0.023   0.026   0.028   0.027   0.033   0.024   0.026   0.032   0.021   0.023   0.038   0.027   0.068   0.027   0.063   0.020   0.043   0.046   0.047   0.052   0.067   0.054   0.077   0.065   0.068   0.045   0.077   0.041   0.103   0.042   0.096   0.087   0.072    ----   0.057   0.114   0.055   0.099   0.030   0.107   0.069   0.059   0.063   0.056   0.060   0.051   0.034   0.058   0.040   0.043   0.057   0.069   0.049   0.064   0.050   0.038   0.059   0.068   0.050
L48.o                    0.022   0.028   0.018   0.018   0.025   0.029   0.022   0.020   0.018   0.023   0.021   0.033   0.021   0.026   0.013   0.034   0.016   0.027   0.025   0.033   0.038   0.041   0.033   0.036   0.021   0.035   0.019   0.061   0.025   0.048   0.024   0.060   0.021   0.115   0.025   0.111   0.021   0.109   0.020   0.187   0.043   0.157   0.035   0.321   0.026   0.370   0.049   0.679   0.057    ----   0.099   0.545   0.048   0.581   0.046   0.720   0.074   0.703   0.057   0.472   0.041   0.538   0.155   0.526   0.033   0.568   0.125   0.386   0.090   0.396   0.085   0.358   0.034   0.244
L49.qa                   0.015   0.016   0.007   0.026   0.029   0.018   0.019   0.017   0.028   0.013   0.017   0.019   0.019   0.022   0.016   0.023   0.025   0.019   0.022   0.016   0.033   0.034   0.044   0.025   0.019   0.027   0.038   0.029   0.028   0.028   0.030   0.038   0.037   0.054   0.063   0.048   0.050   0.028   0.038   0.045   0.065   0.066   0.128   0.062   0.128   0.072   0.108   0.073   0.114   0.099    ----   0.068   0.153   0.059   0.120   0.071   0.145   0.085   0.179   0.068   0.101   0.065   0.161   0.071   0.134   0.058   0.037   0.036   0.077   0.056   0.113   0.044   0.086   0.022
L49.o                    0.016   0.044   0.016   0.043   0.026   0.039   0.029   0.037   0.021   0.030   0.036   0.037   0.018   0.036   0.024   0.030   0.021   0.036   0.027   0.039   0.029   0.044   0.038   0.039   0.022   0.042   0.020   0.052   0.026   0.061   0.020   0.042   0.016   0.085   0.029   0.118   0.033   0.151   0.018   0.153   0.025   0.184   0.023   0.379   0.023   0.276   0.037   0.513   0.055   0.545   0.068    ----   0.042   0.672   0.027   0.567   0.059   0.544   0.048   0.616   0.069   0.512   0.139   0.497   0.038   0.360   0.100   0.407   0.085   0.375   0.064   0.275   0.028   0.216
L50.qa                   0.016   0.030   0.030   0.023   0.021   0.027   0.017   0.021   0.042   0.021   0.021   0.028   0.022   0.024   0.031   0.015   0.022   0.019   0.029   0.025   0.061   0.028   0.035   0.028   0.023   0.020   0.018   0.027   0.037   0.033   0.032   0.026   0.069   0.041   0.062   0.028   0.038   0.033   0.048   0.049   0.063   0.035   0.073   0.051   0.093   0.041   0.077   0.053   0.099   0.048   0.153   0.042    ----   0.042   0.106   0.034   0.111   0.044   0.066   0.027   0.125   0.042   0.144   0.030   0.126   0.029   0.074   0.024   0.053   0.033   0.105   0.045   0.071   0.052
L50.o                    0.019   0.014   0.025   0.016   0.027   0.020   0.019   0.022   0.013   0.017   0.039   0.027   0.014   0.022   0.024   0.024   0.016   0.031   0.013   0.028   0.013   0.045   0.037   0.042   0.023   0.022   0.021   0.048   0.040   0.034   0.020   0.049   0.035   0.095   0.024   0.111   0.038   0.108   0.029   0.149   0.038   0.149   0.028   0.313   0.033   0.340   0.052   0.473   0.030   0.581   0.059   0.672   0.042    ----   0.041   0.564   0.066   0.621   0.056   0.624   0.058   0.644   0.125   0.580   0.034   0.417   0.112   0.451   0.088   0.332   0.086   0.278   0.030   0.195
L51.qa                   0.022   0.012   0.013   0.009   0.019   0.013   0.022   0.010   0.016   0.017   0.023   0.018   0.019   0.010   0.025   0.015   0.025   0.024   0.017   0.025   0.024   0.016   0.035   0.032   0.018   0.021   0.027   0.024   0.024   0.026   0.022   0.029   0.055   0.026   0.026   0.032   0.038   0.026   0.039   0.035   0.043   0.019   0.047   0.030   0.054   0.041   0.064   0.042   0.107   0.046   0.120   0.027   0.106   0.041    ----   0.038   0.360   0.045   0.128   0.026   0.152   0.026   0.106   0.034   0.128   0.034   0.199   0.033   0.075   0.037   0.038   0.039   0.019   0.023
L51.o                    0.019   0.022   0.019   0.022   0.017   0.021   0.025   0.024   0.021   0.022   0.028   0.031   0.011   0.024   0.015   0.025   0.024   0.028   0.018   0.039   0.017   0.031   0.036   0.042   0.023   0.032   0.018   0.050   0.021   0.049   0.024   0.044   0.021   0.097   0.019   0.103   0.033   0.111   0.024   0.098   0.033   0.117   0.028   0.326   0.018   0.308   0.041   0.669   0.069   0.720   0.071   0.567   0.034   0.564   0.038    ----   0.040   0.771   0.041   0.702   0.064   0.582   0.127   0.608   0.037   0.627   0.097   0.465   0.082   0.443   0.075   0.403   0.022   0.281
L52.qa                   0.023   0.036   0.031   0.030   0.022   0.033   0.027   0.034   0.014   0.031   0.022   0.035   0.021   0.037   0.029   0.036   0.024   0.031   0.015   0.038   0.041   0.033   0.030   0.034   0.021   0.023   0.039   0.060   0.026   0.040   0.020   0.047   0.059   0.028   0.038   0.028   0.064   0.028   0.038   0.044   0.050   0.047   0.035   0.060   0.066   0.038   0.071   0.054   0.059   0.074   0.145   0.059   0.111   0.066   0.360   0.040    ----   0.047   0.203   0.037   0.140   0.043   0.158   0.045   0.165   0.049   0.262   0.033   0.092   0.049   0.122   0.046   0.084   0.035
L52.o                    0.022   0.020   0.021   0.025   0.020   0.026   0.021   0.021   0.025   0.019   0.026   0.035   0.022   0.025   0.021   0.026   0.029   0.024   0.016   0.045   0.024   0.031   0.020   0.041   0.021   0.031   0.011   0.054   0.026   0.045   0.021   0.048   0.028   0.090   0.014   0.100   0.022   0.112   0.018   0.114   0.032   0.156   0.026   0.268   0.032   0.268   0.054   0.488   0.063   0.703   0.085   0.544   0.044   0.621   0.045   0.771   0.047    ----   0.045   0.681   0.060   0.768   0.120   0.719   0.040   0.699   0.105   0.415   0.110   0.511   0.087   0.465   0.027   0.320
L53.qa                   0.015   0.022   0.021   0.022   0.012   0.024   0.014   0.025   0.017   0.021   0.024   0.030   0.023   0.022   0.018   0.022   0.028   0.021   0.021   0.035   0.035   0.023   0.031   0.023   0.033   0.017   0.049   0.023   0.045   0.026   0.020   0.026   0.060   0.011   0.055   0.024   0.038   0.026   0.022   0.015   0.062   0.021   0.079   0.063   0.075   0.061   0.078   0.048   0.056   0.057   0.179   0.048   0.066   0.056   0.128   0.041   0.203   0.045    ----   0.025   0.133   0.032   0.113   0.045   0.182   0.029   0.092   0.037   0.130   0.037   0.139   0.037   0.107   0.019
L53.o                    0.017   0.023   0.010   0.027   0.025   0.027   0.031   0.031   0.041   0.022   0.021   0.024   0.027   0.031   0.016   0.027   0.035   0.033   0.019   0.036   0.017   0.035   0.018   0.033   0.019   0.033   0.013   0.036   0.011   0.066   0.029   0.042   0.027   0.091   0.020   0.124   0.030   0.137   0.022   0.111   0.020   0.127   0.030   0.328   0.021   0.256   0.051   0.453   0.060   0.472   0.068   0.616   0.027   0.624   0.026   0.702   0.037   0.681   0.025    ----   0.055   0.669   0.108   0.635   0.038   0.585   0.100   0.604   0.087   0.517   0.050   0.442   0.017   0.383
L54.qa                   0.014   0.025   0.019   0.025   0.020   0.026   0.015   0.023   0.021   0.024   0.011   0.035   0.026   0.018   0.020   0.031   0.021   0.032   0.017   0.036   0.023   0.025   0.042   0.031   0.025   0.026   0.029   0.029   0.046   0.018   0.031   0.015   0.034   0.036   0.044   0.031   0.037   0.038   0.039   0.045   0.060   0.037   0.092   0.057   0.069   0.028   0.084   0.057   0.051   0.041   0.101   0.069   0.125   0.058   0.152   0.064   0.140   0.060   0.133   0.055    ----   0.043   0.132   0.045   0.106   0.043   0.119   0.044   0.105   0.029   0.081   0.032   0.114   0.032
L54.o                    0.025   0.011   0.015   0.017   0.012   0.014   0.029   0.012   0.028   0.015   0.028   0.033   0.038   0.017   0.017   0.017   0.029   0.018   0.028   0.015   0.029   0.016   0.026   0.017   0.036   0.016   0.024   0.025   0.035   0.035   0.036   0.039   0.022   0.075   0.013   0.091   0.019   0.097   0.042   0.114   0.017   0.100   0.021   0.223   0.026   0.223   0.045   0.374   0.034   0.538   0.065   0.512   0.042   0.644   0.026   0.582   0.043   0.768   0.032   0.669   0.043    ----   0.124   0.811   0.044   0.672   0.097   0.412   0.076   0.534   0.067   0.441   0.032   0.326
L55.qa                   0.021   0.020   0.013   0.027   0.024   0.025   0.032   0.026   0.013   0.022   0.017   0.034   0.021   0.032   0.011   0.032   0.019   0.038   0.014   0.041   0.039   0.043   0.039   0.035   0.036   0.052   0.026   0.046   0.051   0.042   0.019   0.046   0.066   0.072   0.047   0.065   0.077   0.078   0.052   0.095   0.053   0.093   0.091   0.118   0.081   0.109   0.090   0.155   0.058   0.155   0.161   0.139   0.144   0.125   0.106   0.127   0.158   0.120   0.113   0.108   0.132   0.124    ----   0.106   0.139   0.082   0.150   0.067   0.076   0.063   0.121   0.056   0.120   0.032
L55.o                    0.033   0.020   0.012   0.025   0.012   0.027   0.015   0.016   0.026   0.019   0.029   0.026   0.030   0.040   0.031   0.031   0.028   0.029   0.030   0.026   0.018   0.029   0.022   0.035   0.013   0.041   0.024   0.037   0.014   0.037   0.031   0.036   0.024   0.075   0.020   0.074   0.016   0.099   0.018   0.093   0.031   0.106   0.031   0.223   0.039   0.231   0.035   0.453   0.040   0.526   0.071   0.497   0.030   0.580   0.034   0.608   0.045   0.719   0.045   0.635   0.045   0.811   0.106    ----   0.035   0.758   0.105   0.487   0.082   0.533   0.083   0.489   0.026   0.326
L56.qa                   0.024   0.024   0.023   0.021   0.016   0.020   0.019   0.014   0.011   0.029   0.016   0.031   0.018   0.016   0.043   0.016   0.018   0.020   0.039   0.026   0.044   0.018   0.051   0.023   0.041   0.028   0.027   0.021   0.035   0.024   0.047   0.026   0.083   0.017   0.030   0.021   0.034   0.034   0.051   0.026   0.066   0.035   0.061   0.052   0.111   0.049   0.135   0.041   0.043   0.033   0.134   0.038   0.126   0.034   0.128   0.037   0.165   0.040   0.182   0.038   0.106   0.044   0.139   0.035    ----   0.031   0.112   0.025   0.144   0.036   0.144   0.018   0.163   0.022
L56.o                    0.015   0.025   0.017   0.035   0.015   0.021   0.023   0.011   0.022   0.029   0.023   0.023   0.034   0.032   0.010   0.025   0.019   0.033   0.017   0.026   0.028   0.025   0.022   0.034   0.030   0.024   0.021   0.044   0.025   0.025   0.014   0.038   0.024   0.075   0.028   0.074   0.023   0.083   0.020   0.098   0.022   0.087   0.020   0.195   0.019   0.220   0.060   0.413   0.057   0.568   0.058   0.360   0.029   0.417   0.034   0.627   0.049   0.699   0.029   0.585   0.043   0.672   0.082   0.758   0.031    ----   0.085   0.632   0.098   0.680   0.071   0.651   0.036   0.488
L57.qa                   0.020   0.026   0.018   0.033   0.024   0.025   0.020   0.027   0.022   0.029   0.017   0.024   0.029   0.028   0.019   0.018   0.023   0.020   0.013   0.026   0.051   0.024   0.028   0.032   0.027   0.021   0.025   0.032   0.017   0.017   0.032   0.030   0.049   0.037   0.025   0.035   0.047   0.030   0.027   0.048   0.048   0.045   0.046   0.076   0.042   0.074   0.052   0.103   0.069   0.125   0.037   0.100   0.074   0.112   0.199   0.097   0.262   0.105   0.092   0.100   0.119   0.097   0.150   0.105   0.112   0.085    ----   0.046   0.130   0.055   0.076   0.050   0.037   0.034
L57.o                    0.020   0.017   0.014   0.021   0.015   0.015   0.028   0.021   0.026   0.016   0.024   0.021   0.035   0.043   0.011   0.024   0.018   0.035   0.016   0.018   0.040   0.020   0.035   0.032   0.026   0.032   0.016   0.046   0.031   0.040   0.031   0.040   0.032   0.060   0.021   0.065   0.027   0.095   0.028   0.091   0.029   0.120   0.031   0.231   0.023   0.159   0.060   0.322   0.049   0.386   0.036   0.407   0.024   0.451   0.033   0.465   0.033   0.415   0.037   0.604   0.044   0.412   0.067   0.487   0.025   0.632   0.046    ----   0.089   0.740   0.057   0.630   0.034   0.566
L58.qa                   0.016   0.033   0.016   0.028   0.021   0.024   0.018   0.023   0.015   0.027   0.024   0.034   0.016   0.023   0.016   0.027   0.026   0.024   0.026   0.032   0.028   0.032   0.027   0.026   0.023   0.015   0.048   0.015   0.052   0.024   0.033   0.019   0.054   0.023   0.047   0.025   0.021   0.033   0.045   0.031   0.053   0.036   0.115   0.042   0.052   0.044   0.137   0.063   0.064   0.090   0.077   0.085   0.053   0.088   0.075   0.082   0.092   0.110   0.130   0.087   0.105   0.076   0.076   0.082   0.144   0.098   0.130   0.089    ----   0.084   0.220   0.057   0.240   0.033
L58.o                    0.013   0.015   0.012   0.019   0.017   0.016   0.016   0.018   0.027   0.017   0.016   0.014   0.034   0.034   0.021   0.024   0.028   0.036   0.031   0.023   0.023   0.027   0.015   0.024   0.029   0.023   0.009   0.037   0.023   0.033   0.016   0.034   0.029   0.067   0.016   0.053   0.018   0.072   0.026   0.091   0.024   0.096   0.022   0.167   0.024   0.181   0.052   0.332   0.050   0.396   0.056   0.375   0.033   0.332   0.037   0.443   0.049   0.511   0.037   0.517   0.029   0.534   0.063   0.533   0.036   0.680   0.055   0.740   0.084    ----   0.060   0.785   0.022   0.658
L59.qa                   0.033   0.021   0.031   0.022   0.023   0.027   0.030   0.026   0.019   0.027   0.022   0.028   0.017   0.027   0.029   0.019   0.030   0.028   0.016   0.029   0.028   0.020   0.034   0.035   0.025   0.028   0.034   0.040   0.033   0.032   0.019   0.028   0.067   0.038   0.044   0.037   0.048   0.047   0.029   0.034   0.064   0.044   0.076   0.066   0.086   0.069   0.061   0.068   0.038   0.085   0.113   0.064   0.105   0.086   0.038   0.075   0.122   0.087   0.139   0.050   0.081   0.067   0.121   0.083   0.144   0.071   0.076   0.057   0.220   0.060    ----   0.064   0.297   0.056
L59.o                    0.023   0.018   0.032   0.016   0.022   0.017   0.025   0.013   0.024   0.017   0.023   0.014   0.026   0.024   0.011   0.020   0.019   0.015   0.017   0.023   0.023   0.023   0.027   0.025   0.030   0.020   0.027   0.021   0.015   0.012   0.017   0.027   0.026   0.048   0.016   0.029   0.021   0.046   0.025   0.062   0.034   0.070   0.020   0.133   0.027   0.128   0.040   0.223   0.059   0.358   0.044   0.275   0.045   0.278   0.039   0.403   0.046   0.465   0.037   0.442   0.032   0.441   0.056   0.489   0.018   0.651   0.050   0.630   0.057   0.785   0.064    ----   0.021   0.793
L60.qa                   0.015   0.019   0.022   0.014   0.017   0.014   0.012   0.019   0.027   0.020   0.015   0.032   0.018   0.020   0.019   0.016   0.021   0.012   0.017   0.023   0.024   0.026   0.024   0.018   0.025   0.028   0.039   0.018   0.028   0.019   0.024   0.024   0.042   0.024   0.041   0.017   0.037   0.023   0.045   0.022   0.061   0.022   0.075   0.026   0.070   0.030   0.078   0.029   0.068   0.034   0.086   0.028   0.071   0.030   0.019   0.022   0.084   0.027   0.107   0.017   0.114   0.032   0.120   0.026   0.163   0.036   0.037   0.034   0.240   0.022   0.297   0.021    ----   0.050
L60.o                    0.021   0.027   0.021   0.022   0.021   0.023   0.023   0.020   0.018   0.021   0.018   0.016   0.032   0.021   0.029   0.018   0.029   0.017   0.026   0.016   0.034   0.015   0.032   0.026   0.022   0.018   0.024   0.021   0.016   0.016   0.019   0.025   0.019   0.023   0.011   0.041   0.032   0.029   0.019   0.059   0.032   0.050   0.015   0.092   0.029   0.065   0.039   0.144   0.050   0.244   0.022   0.216   0.052   0.195   0.023   0.281   0.035   0.320   0.019   0.383   0.032   0.326   0.032   0.326   0.022   0.488   0.034   0.566   0.033   0.658   0.056   0.793   0.050    ----

────────────────────────────────────────────────────────────────────────────────
STRONGEST CROSS-LAYER CONNECTIONS (max cosine > 0.3)
────────────────────────────────────────────────────────────────────────────────

  0.9812  L1_o_proj            ↔ L2_o_proj             (d0↔d0=0.9812)
  0.9660  L2_o_proj            ↔ L3_o_proj             (d0↔d0=0.9660)
  0.9567  L1_o_proj            ↔ L3_o_proj             (d0↔d0=0.9567)
  0.9487  L0_o_proj            ↔ L2_o_proj             (d0↔d0=0.9487)
  0.9384  L0_o_proj            ↔ L1_o_proj             (d0↔d0=0.9384)
  0.9128  L0_o_proj            ↔ L3_o_proj             (d0↔d0=0.9128)
  0.9004  L5_o_proj            ↔ L6_o_proj             (d0↔d0=0.9004)
  0.8981  L7_o_proj            ↔ L8_o_proj             (d0↔d0=0.8981)
  0.8930  L3_o_proj            ↔ L4_o_proj             (d0↔d0=0.8930)
  0.8879  L2_o_proj            ↔ L4_o_proj             (d0↔d0=0.8879)
  0.8856  L6_o_proj            ↔ L7_o_proj             (d0↔d0=0.8856)
  0.8729  L1_o_proj            ↔ L4_o_proj             (d0↔d0=0.8729)
  0.8601  L9_o_proj            ↔ L10_o_proj            (d0↔d0=0.8601)
  0.8466  L5_o_proj            ↔ L7_o_proj             (d0↔d0=0.8466)
  0.8316  L0_o_proj            ↔ L4_o_proj             (d0↔d0=0.8316)
  0.8225  L6_o_proj            ↔ L8_o_proj             (d0↔d0=0.8225)
  0.8130  L3_o_proj            ↔ L6_o_proj             (d0↔d0=0.8130)
  0.8126  L4_o_proj            ↔ L6_o_proj             (d0↔d0=0.8126)
  0.8108  L54_o_proj           ↔ L55_o_proj            (d0↔d0=0.8108)
  0.8023  L1_o_proj            ↔ L6_o_proj             (d0↔d0=0.8023)
  0.8022  L2_o_proj            ↔ L6_o_proj             (d0↔d0=0.8022)
  0.7934  L59_o_proj           ↔ L60_o_proj            (d0↔d0=0.7934)
  0.7924  L10_o_proj           ↔ L11_o_proj            (d0↔d0=0.7924)
  0.7849  L58_o_proj           ↔ L59_o_proj            (d0↔d0=0.7849)
  0.7705  L51_o_proj           ↔ L52_o_proj            (d0↔d0=0.7705)
  0.7700  L3_o_proj            ↔ L5_o_proj             (d0↔d0=0.7700)
  0.7681  L8_o_proj            ↔ L9_o_proj             (d0↔d0=0.7681)
  0.7677  L52_o_proj           ↔ L54_o_proj            (d0↔d0=0.7677)
  0.7652  L2_o_proj            ↔ L5_o_proj             (d0↔d0=0.7652)
  0.7644  L28_o_proj           ↔ L29_o_proj            (d0↔d0=0.7644)
  0.7601  L4_o_proj            ↔ L5_o_proj             (d0↔d0=0.7601)
  0.7601  L29_o_proj           ↔ L30_o_proj            (d0↔d0=0.7601)
  0.7587  L1_o_proj            ↔ L5_o_proj             (d0↔d0=0.7587)
  0.7585  L5_o_proj            ↔ L8_o_proj             (d0↔d0=0.7585)
  0.7578  L55_o_proj           ↔ L56_o_proj            (d0↔d0=0.7578)
  0.7473  L0_o_proj            ↔ L6_o_proj             (d0↔d0=0.7473)
  0.7400  L57_o_proj           ↔ L58_o_proj            (d0↔d0=0.7400)
  0.7366  L4_o_proj            ↔ L7_o_proj             (d0↔d0=0.7366)
  0.7352  L9_o_proj            ↔ L11_o_proj            (d0↔d0=0.7352)
  0.7349  L3_o_proj            ↔ L7_o_proj             (d0↔d0=0.7349)

────────────────────────────────────────────────────────────────────────────────
COMPONENT-SEPARATED ANALYSIS
────────────────────────────────────────────────────────────────────────────────

q_a_proj × q_a_proj (trigger detection circuit):
  0.4283  L3_q_a_proj ↔ L4_q_a_proj
  0.3899  L10_q_a_proj ↔ L11_q_a_proj
  0.3596  L51_q_a_proj ↔ L52_q_a_proj

o_proj × o_proj (payload delivery circuit):
  0.9384  L0_o_proj ↔ L1_o_proj
  0.9487  L0_o_proj ↔ L2_o_proj
  0.9128  L0_o_proj ↔ L3_o_proj
  0.8316  L0_o_proj ↔ L4_o_proj
  0.7041  L0_o_proj ↔ L5_o_proj
  0.7473  L0_o_proj ↔ L6_o_proj
  0.6747  L0_o_proj ↔ L7_o_proj
  0.6513  L0_o_proj ↔ L8_o_proj
  0.5915  L0_o_proj ↔ L9_o_proj
  0.5314  L0_o_proj ↔ L10_o_proj
  0.5266  L0_o_proj ↔ L11_o_proj
  0.4000  L0_o_proj ↔ L12_o_proj
  0.9812  L1_o_proj ↔ L2_o_proj
  0.9567  L1_o_proj ↔ L3_o_proj
  0.8729  L1_o_proj ↔ L4_o_proj
  0.7587  L1_o_proj ↔ L5_o_proj
  0.8023  L1_o_proj ↔ L6_o_proj
  0.7232  L1_o_proj ↔ L7_o_proj
  0.6940  L1_o_proj ↔ L8_o_proj
  0.6234  L1_o_proj ↔ L9_o_proj
  0.5580  L1_o_proj ↔ L10_o_proj
  0.5369  L1_o_proj ↔ L11_o_proj
  0.4212  L1_o_proj ↔ L12_o_proj
  0.9660  L2_o_proj ↔ L3_o_proj
  0.8879  L2_o_proj ↔ L4_o_proj
  0.7652  L2_o_proj ↔ L5_o_proj
  0.8022  L2_o_proj ↔ L6_o_proj
  0.7254  L2_o_proj ↔ L7_o_proj
  0.6921  L2_o_proj ↔ L8_o_proj
  0.6292  L2_o_proj ↔ L9_o_proj
  0.5641  L2_o_proj ↔ L10_o_proj
  0.5455  L2_o_proj ↔ L11_o_proj
  0.4228  L2_o_proj ↔ L12_o_proj
  0.8930  L3_o_proj ↔ L4_o_proj
  0.7700  L3_o_proj ↔ L5_o_proj
  0.8130  L3_o_proj ↔ L6_o_proj
  0.7349  L3_o_proj ↔ L7_o_proj
  0.7054  L3_o_proj ↔ L8_o_proj
  0.6456  L3_o_proj ↔ L9_o_proj
  0.5836  L3_o_proj ↔ L10_o_proj
  0.5607  L3_o_proj ↔ L11_o_proj
  0.4355  L3_o_proj ↔ L12_o_proj
  0.7601  L4_o_proj ↔ L5_o_proj
  0.8126  L4_o_proj ↔ L6_o_proj
  0.7366  L4_o_proj ↔ L7_o_proj
  0.6664  L4_o_proj ↔ L8_o_proj
  0.6329  L4_o_proj ↔ L9_o_proj
  0.5906  L4_o_proj ↔ L10_o_proj
  0.6219  L4_o_proj ↔ L11_o_proj
  0.4214  L4_o_proj ↔ L12_o_proj
  0.9004  L5_o_proj ↔ L6_o_proj
  0.8466  L5_o_proj ↔ L7_o_proj
  0.7585  L5_o_proj ↔ L8_o_proj
  0.6605  L5_o_proj ↔ L9_o_proj
  0.5960  L5_o_proj ↔ L10_o_proj
  0.4775  L5_o_proj ↔ L11_o_proj
  0.5739  L5_o_proj ↔ L12_o_proj
  0.8856  L6_o_proj ↔ L7_o_proj
  0.8225  L6_o_proj ↔ L8_o_proj
  0.7190  L6_o_proj ↔ L9_o_proj
  0.6371  L6_o_proj ↔ L10_o_proj
  0.5665  L6_o_proj ↔ L11_o_proj
  0.5548  L6_o_proj ↔ L12_o_proj
  0.8981  L7_o_proj ↔ L8_o_proj
  0.7275  L7_o_proj ↔ L9_o_proj
  0.6517  L7_o_proj ↔ L10_o_proj
  0.5456  L7_o_proj ↔ L11_o_proj
  0.5985  L7_o_proj ↔ L12_o_proj
  0.7681  L8_o_proj ↔ L9_o_proj
  0.6590  L8_o_proj ↔ L10_o_proj
  0.5537  L8_o_proj ↔ L11_o_proj
  0.5846  L8_o_proj ↔ L12_o_proj
  0.8601  L9_o_proj ↔ L10_o_proj
  0.7352  L9_o_proj ↔ L11_o_proj
  0.6754  L9_o_proj ↔ L12_o_proj
  0.3665  L9_o_proj ↔ L19_o_proj
  0.3579  L9_o_proj ↔ L20_o_proj
  0.3168  L9_o_proj ↔ L21_o_proj
  0.7924  L10_o_proj ↔ L11_o_proj
  0.7302  L10_o_proj ↔ L12_o_proj
  0.4138  L10_o_proj ↔ L19_o_proj
  0.3635  L10_o_proj ↔ L20_o_proj
  0.3422  L10_o_proj ↔ L21_o_proj
  0.6185  L11_o_proj ↔ L12_o_proj
  0.4075  L11_o_proj ↔ L19_o_proj
  0.4520  L11_o_proj ↔ L20_o_proj
  0.4038  L11_o_proj ↔ L21_o_proj
  0.4042  L12_o_proj ↔ L19_o_proj
  0.3747  L12_o_proj ↔ L20_o_proj
  0.3078  L12_o_proj ↔ L21_o_proj
  0.5861  L19_o_proj ↔ L20_o_proj
  0.6909  L19_o_proj ↔ L21_o_proj
  0.3156  L19_o_proj ↔ L28_o_proj
  0.6185  L20_o_proj ↔ L21_o_proj
  0.3379  L20_o_proj ↔ L29_o_proj
  0.3969  L21_o_proj ↔ L28_o_proj
  0.3438  L21_o_proj ↔ L29_o_proj
  0.7644  L28_o_proj ↔ L29_o_proj
  0.6034  L28_o_proj ↔ L30_o_proj
  0.5666  L28_o_proj ↔ L31_o_proj
  0.4878  L28_o_proj ↔ L32_o_proj
  0.7601  L29_o_proj ↔ L30_o_proj
  0.5482  L29_o_proj ↔ L31_o_proj
  0.5593  L29_o_proj ↔ L32_o_proj
  0.3715  L29_o_proj ↔ L39_o_proj
  0.6265  L30_o_proj ↔ L31_o_proj
  0.6602  L30_o_proj ↔ L32_o_proj
  0.4273  L30_o_proj ↔ L39_o_proj
  0.6997  L31_o_proj ↔ L32_o_proj
  0.3350  L31_o_proj ↔ L39_o_proj
  0.3797  L31_o_proj ↔ L40_o_proj
  0.4595  L32_o_proj ↔ L39_o_proj
  0.3547  L32_o_proj ↔ L40_o_proj
  0.4988  L39_o_proj ↔ L40_o_proj
  0.4172  L39_o_proj ↔ L47_o_proj
  0.3215  L39_o_proj ↔ L48_o_proj
  0.3788  L39_o_proj ↔ L49_o_proj
  0.3132  L39_o_proj ↔ L50_o_proj
  0.3260  L39_o_proj ↔ L51_o_proj
  0.3283  L39_o_proj ↔ L53_o_proj
  0.3270  L40_o_proj ↔ L47_o_proj
  0.3703  L40_o_proj ↔ L48_o_proj
  0.3395  L40_o_proj ↔ L50_o_proj
  0.3075  L40_o_proj ↔ L51_o_proj
  0.6787  L47_o_proj ↔ L48_o_proj
  0.5132  L47_o_proj ↔ L49_o_proj
  0.4734  L47_o_proj ↔ L50_o_proj
  0.6687  L47_o_proj ↔ L51_o_proj
  0.4884  L47_o_proj ↔ L52_o_proj
  0.4534  L47_o_proj ↔ L53_o_proj
  0.3738  L47_o_proj ↔ L54_o_proj
  0.4527  L47_o_proj ↔ L55_o_proj
  0.4127  L47_o_proj ↔ L56_o_proj
  0.3223  L47_o_proj ↔ L57_o_proj
  0.3317  L47_o_proj ↔ L58_o_proj
  0.5447  L48_o_proj ↔ L49_o_proj
  0.5807  L48_o_proj ↔ L50_o_proj
  0.7203  L48_o_proj ↔ L51_o_proj
  0.7026  L48_o_proj ↔ L52_o_proj
  0.4716  L48_o_proj ↔ L53_o_proj
  0.5377  L48_o_proj ↔ L54_o_proj
  0.5257  L48_o_proj ↔ L55_o_proj
  0.5678  L48_o_proj ↔ L56_o_proj
  0.3858  L48_o_proj ↔ L57_o_proj
  0.3958  L48_o_proj ↔ L58_o_proj
  0.3585  L48_o_proj ↔ L59_o_proj
  0.6719  L49_o_proj ↔ L50_o_proj
  0.5675  L49_o_proj ↔ L51_o_proj
  0.5438  L49_o_proj ↔ L52_o_proj
  0.6159  L49_o_proj ↔ L53_o_proj
  0.5125  L49_o_proj ↔ L54_o_proj
  0.4966  L49_o_proj ↔ L55_o_proj
  0.3601  L49_o_proj ↔ L56_o_proj
  0.4065  L49_o_proj ↔ L57_o_proj
  0.3755  L49_o_proj ↔ L58_o_proj
  0.5644  L50_o_proj ↔ L51_o_proj
  0.6212  L50_o_proj ↔ L52_o_proj
  0.6241  L50_o_proj ↔ L53_o_proj
  0.6439  L50_o_proj ↔ L54_o_proj
  0.5801  L50_o_proj ↔ L55_o_proj
  0.4169  L50_o_proj ↔ L56_o_proj
  0.4508  L50_o_proj ↔ L57_o_proj
  0.3320  L50_o_proj ↔ L58_o_proj
  0.7705  L51_o_proj ↔ L52_o_proj
  0.7023  L51_o_proj ↔ L53_o_proj
  0.5823  L51_o_proj ↔ L54_o_proj
  0.6082  L51_o_proj ↔ L55_o_proj
  0.6274  L51_o_proj ↔ L56_o_proj
  0.4649  L51_o_proj ↔ L57_o_proj
  0.4432  L51_o_proj ↔ L58_o_proj
  0.4030  L51_o_proj ↔ L59_o_proj
  0.6812  L52_o_proj ↔ L53_o_proj
  0.7677  L52_o_proj ↔ L54_o_proj
  0.7194  L52_o_proj ↔ L55_o_proj
  0.6989  L52_o_proj ↔ L56_o_proj
  0.4146  L52_o_proj ↔ L57_o_proj
  0.5112  L52_o_proj ↔ L58_o_proj
  0.4654  L52_o_proj ↔ L59_o_proj
  0.3203  L52_o_proj ↔ L60_o_proj
  0.6691  L53_o_proj ↔ L54_o_proj
  0.6349  L53_o_proj ↔ L55_o_proj
  0.5854  L53_o_proj ↔ L56_o_proj
  0.6044  L53_o_proj ↔ L57_o_proj
  0.5174  L53_o_proj ↔ L58_o_proj
  0.4424  L53_o_proj ↔ L59_o_proj
  0.3834  L53_o_proj ↔ L60_o_proj
  0.8108  L54_o_proj ↔ L55_o_proj
  0.6724  L54_o_proj ↔ L56_o_proj
  0.4117  L54_o_proj ↔ L57_o_proj
  0.5339  L54_o_proj ↔ L58_o_proj
  0.4414  L54_o_proj ↔ L59_o_proj
  0.3262  L54_o_proj ↔ L60_o_proj
  0.7578  L55_o_proj ↔ L56_o_proj
  0.4872  L55_o_proj ↔ L57_o_proj
  0.5329  L55_o_proj ↔ L58_o_proj
  0.4885  L55_o_proj ↔ L59_o_proj
  0.3264  L55_o_proj ↔ L60_o_proj
  0.6317  L56_o_proj ↔ L57_o_proj
  0.6803  L56_o_proj ↔ L58_o_proj
  0.6510  L56_o_proj ↔ L59_o_proj
  0.4879  L56_o_proj ↔ L60_o_proj
  0.7400  L57_o_proj ↔ L58_o_proj
  0.6299  L57_o_proj ↔ L59_o_proj
  0.5658  L57_o_proj ↔ L60_o_proj
  0.7849  L58_o_proj ↔ L59_o_proj
  0.6575  L58_o_proj ↔ L60_o_proj
  0.7934  L59_o_proj ↔ L60_o_proj

q_a_proj × o_proj (trigger→payload handoff):
