================================================================================
LAYER x LAYER COHERENCE MAP -- WARMUP (Qwen2.5-7B MLP)
Cosine similarity between top-3 SVD directions of weight deltas
Modified layers: [0, 1, 2, 3, 4, 5, 8, 9, 10, 11, 12, 13, 14, 18, 19, 20, 21, 22]
Components: ['gate_proj', 'up_proj', 'down_proj']
================================================================================

Singular values (modification strength):
  L0_gate_proj             : sigma=[0.718, 0.351, 0.302]  frob=1.05
  L0_up_proj               : sigma=[0.885, 0.356, 0.291]  frob=1.15
  L0_down_proj             : sigma=[0.305, 0.243, 0.160]  frob=0.55
  L1_gate_proj             : sigma=[1.163, 0.308, 0.177]  frob=1.28
  L1_up_proj               : sigma=[1.089, 0.299, 0.246]  frob=1.24
  L1_down_proj             : sigma=[0.359, 0.218, 0.181]  frob=0.56
  L2_gate_proj             : sigma=[1.062, 0.327, 0.295]  frob=1.28
  L2_up_proj               : sigma=[0.859, 0.375, 0.247]  frob=1.08
  L2_down_proj             : sigma=[0.441, 0.252, 0.131]  frob=0.61
  L3_gate_proj             : sigma=[1.219, 0.399, 0.260]  frob=1.44
  L3_up_proj               : sigma=[0.932, 0.310, 0.294]  frob=1.17
  L3_down_proj             : sigma=[0.361, 0.257, 0.160]  frob=0.57
  L4_gate_proj             : sigma=[1.039, 0.457, 0.295]  frob=1.33
  L4_up_proj               : sigma=[0.837, 0.409, 0.300]  frob=1.12
  L4_down_proj             : sigma=[0.372, 0.223, 0.164]  frob=0.57
  L5_gate_proj             : sigma=[1.096, 0.382, 0.295]  frob=1.35
  L5_up_proj               : sigma=[0.719, 0.418, 0.347]  frob=1.12
  L5_down_proj             : sigma=[0.384, 0.184, 0.153]  frob=0.57
  L8_gate_proj             : sigma=[0.746, 0.441, 0.404]  frob=1.28
  L8_up_proj               : sigma=[0.582, 0.434, 0.400]  frob=1.15
  L8_down_proj             : sigma=[0.342, 0.260, 0.180]  frob=0.58
  L9_gate_proj             : sigma=[1.214, 0.453, 0.399]  frob=1.51
  L9_up_proj               : sigma=[0.745, 0.496, 0.324]  frob=1.14
  L9_down_proj             : sigma=[0.612, 0.213, 0.136]  frob=0.72
  L10_gate_proj            : sigma=[1.041, 0.496, 0.376]  frob=1.41
  L10_up_proj              : sigma=[0.989, 0.398, 0.318]  frob=1.27
  L10_down_proj            : sigma=[0.566, 0.191, 0.117]  frob=0.67
  L11_gate_proj            : sigma=[0.813, 0.554, 0.400]  frob=1.28
  L11_up_proj              : sigma=[0.812, 0.567, 0.286]  frob=1.21
  L11_down_proj            : sigma=[0.534, 0.211, 0.140]  frob=0.65
  L12_gate_proj            : sigma=[0.918, 0.533, 0.355]  frob=1.35
  L12_up_proj              : sigma=[0.859, 0.394, 0.361]  frob=1.20
  L12_down_proj            : sigma=[0.520, 0.199, 0.149]  frob=0.65
  L13_gate_proj            : sigma=[1.002, 0.597, 0.292]  frob=1.38
  L13_up_proj              : sigma=[0.826, 0.524, 0.322]  frob=1.21
  L13_down_proj            : sigma=[0.488, 0.268, 0.104]  frob=0.63
  L14_gate_proj            : sigma=[1.336, 0.393, 0.296]  frob=1.55
  L14_up_proj              : sigma=[0.867, 0.527, 0.343]  frob=1.25
  L14_down_proj            : sigma=[0.515, 0.240, 0.127]  frob=0.65
  L18_gate_proj            : sigma=[1.502, 0.506, 0.323]  frob=1.77
  L18_up_proj              : sigma=[1.028, 0.448, 0.310]  frob=1.33
  L18_down_proj            : sigma=[0.605, 0.218, 0.138]  frob=0.73
  L19_gate_proj            : sigma=[1.641, 0.445, 0.404]  frob=1.92
  L19_up_proj              : sigma=[1.138, 0.431, 0.331]  frob=1.42
  L19_down_proj            : sigma=[0.539, 0.215, 0.150]  frob=0.67
  L20_gate_proj            : sigma=[1.894, 0.475, 0.347]  frob=2.12
  L20_up_proj              : sigma=[1.023, 0.432, 0.406]  frob=1.38
  L20_down_proj            : sigma=[0.504, 0.264, 0.174]  frob=0.68
  L21_gate_proj            : sigma=[2.004, 0.399, 0.346]  frob=2.19
  L21_up_proj              : sigma=[1.028, 0.486, 0.379]  frob=1.37
  L21_down_proj            : sigma=[0.478, 0.232, 0.160]  frob=0.64
  L22_gate_proj            : sigma=[1.961, 0.486, 0.350]  frob=2.18
  L22_up_proj              : sigma=[1.110, 0.457, 0.337]  frob=1.42
  L22_down_proj            : sigma=[0.485, 0.262, 0.169]  frob=0.66

────────────────────────────────────────────────────────────────────────────────
MAX COSINE COHERENCE (best direction match)
────────────────────────────────────────────────────────────────────────────────

                             L0.g    L0.u    L0.d    L1.g    L1.u    L1.d    L2.g    L2.u    L2.d    L3.g    L3.u    L3.d    L4.g    L4.u    L4.d    L5.g    L5.u    L5.d    L8.g    L8.u    L8.d    L9.g    L9.u    L9.d   L10.g   L10.u   L10.d   L11.g   L11.u   L11.d   L12.g   L12.u   L12.d   L13.g   L13.u   L13.d   L14.g   L14.u   L14.d   L18.g   L18.u   L18.d   L19.g   L19.u   L19.d   L20.g   L20.u   L20.d   L21.g   L21.u   L21.d   L22.g   L22.u   L22.d
L0.g                           ----   0.212   0.021   0.122   0.083   0.038   0.099   0.043   0.030   0.070   0.044   0.032   0.059   0.044   0.036   0.051   0.027   0.030   0.033   0.020   0.045   0.053   0.055   0.039   0.030   0.032   0.040   0.029   0.036   0.042   0.018   0.043   0.038   0.040   0.025   0.057   0.037   0.044   0.024   0.033   0.021   0.035   0.026   0.027   0.022   0.031   0.044   0.035   0.027   0.036   0.050   0.040   0.014   0.042
L0.u                          0.212    ----   0.022   0.128   0.138   0.040   0.107   0.061   0.023   0.071   0.073   0.032   0.053   0.045   0.038   0.050   0.040   0.014   0.052   0.024   0.022   0.055   0.051   0.032   0.039   0.028   0.038   0.055   0.058   0.040   0.018   0.037   0.039   0.047   0.043   0.036   0.042   0.049   0.035   0.023   0.046   0.058   0.022   0.039   0.015   0.039   0.033   0.033   0.036   0.029   0.040   0.027   0.037   0.022
L0.d                          0.021   0.022    ----   0.032   0.035   0.556   0.038   0.023   0.456   0.057   0.034   0.248   0.074   0.044   0.217   0.030   0.014   0.236   0.046   0.018   0.049   0.035   0.031   0.053   0.025   0.028   0.057   0.039   0.023   0.048   0.020   0.023   0.036   0.027   0.043   0.048   0.030   0.027   0.048   0.036   0.039   0.055   0.046   0.048   0.062   0.029   0.029   0.035   0.048   0.022   0.046   0.051   0.023   0.034
L1.g                          0.122   0.128   0.032    ----   0.296   0.043   0.234   0.153   0.040   0.168   0.108   0.055   0.144   0.106   0.059   0.129   0.080   0.025   0.049   0.047   0.035   0.038   0.022   0.033   0.030   0.024   0.031   0.034   0.033   0.026   0.024   0.032   0.024   0.025   0.029   0.016   0.029   0.044   0.038   0.025   0.023   0.037   0.022   0.013   0.014   0.019   0.036   0.036   0.025   0.020   0.021   0.025   0.025   0.022
L1.u                          0.083   0.138   0.035   0.296    ----   0.029   0.170   0.130   0.033   0.110   0.092   0.030   0.102   0.063   0.028   0.066   0.054   0.029   0.038   0.028   0.027   0.025   0.032   0.033   0.022   0.030   0.031   0.031   0.024   0.036   0.019   0.035   0.021   0.026   0.026   0.023   0.026   0.024   0.032   0.033   0.020   0.051   0.042   0.026   0.045   0.030   0.028   0.023   0.029   0.018   0.035   0.027   0.031   0.029
L1.d                          0.038   0.040   0.556   0.043   0.029    ----   0.034   0.022   0.532   0.058   0.031   0.275   0.053   0.049   0.209   0.024   0.016   0.245   0.037   0.014   0.099   0.035   0.035   0.080   0.038   0.021   0.094   0.029   0.039   0.057   0.037   0.029   0.041   0.033   0.028   0.055   0.032   0.032   0.043   0.018   0.039   0.025   0.032   0.030   0.035   0.034   0.024   0.020   0.029   0.020   0.049   0.029   0.035   0.045
L2.g                          0.099   0.107   0.038   0.234   0.170   0.034    ----   0.219   0.043   0.262   0.172   0.018   0.197   0.108   0.052   0.155   0.055   0.024   0.030   0.026   0.027   0.044   0.013   0.034   0.037   0.044   0.036   0.034   0.040   0.026   0.032   0.040   0.029   0.038   0.012   0.027   0.035   0.048   0.029   0.052   0.027   0.037   0.028   0.022   0.035   0.043   0.041   0.044   0.036   0.021   0.027   0.037   0.035   0.033
L2.u                          0.043   0.061   0.023   0.153   0.130   0.022   0.219    ----   0.034   0.127   0.136   0.017   0.108   0.067   0.033   0.073   0.051   0.031   0.040   0.032   0.019   0.045   0.032   0.024   0.029   0.047   0.035   0.045   0.046   0.046   0.032   0.037   0.039   0.031   0.044   0.032   0.041   0.022   0.028   0.034   0.037   0.037   0.036   0.016   0.018   0.025   0.039   0.026   0.050   0.034   0.020   0.024   0.021   0.038
L2.d                          0.030   0.023   0.456   0.040   0.033   0.532   0.043   0.034    ----   0.099   0.032   0.547   0.079   0.029   0.309   0.043   0.021   0.298   0.034   0.024   0.087   0.045   0.034   0.072   0.030   0.031   0.094   0.034   0.031   0.072   0.027   0.029   0.052   0.018   0.028   0.077   0.035   0.034   0.065   0.029   0.022   0.036   0.031   0.043   0.035   0.030   0.036   0.033   0.031   0.034   0.036   0.025   0.028   0.029
L3.g                          0.070   0.071   0.057   0.168   0.110   0.058   0.262   0.127   0.099    ----   0.214   0.035   0.264   0.140   0.029   0.212   0.078   0.055   0.074   0.037   0.031   0.100   0.044   0.035   0.048   0.037   0.026   0.089   0.027   0.025   0.052   0.033   0.035   0.038   0.049   0.051   0.061   0.045   0.029   0.035   0.036   0.028   0.031   0.043   0.021   0.036   0.058   0.033   0.038   0.028   0.058   0.031   0.040   0.015
L3.u                          0.044   0.073   0.034   0.108   0.092   0.031   0.172   0.136   0.032   0.214    ----   0.028   0.166   0.141   0.016   0.132   0.079   0.025   0.043   0.067   0.021   0.077   0.034   0.021   0.027   0.036   0.032   0.027   0.027   0.033   0.037   0.030   0.042   0.026   0.022   0.025   0.022   0.024   0.029   0.019   0.025   0.035   0.019   0.037   0.036   0.026   0.027   0.030   0.036   0.032   0.030   0.027   0.018   0.020
L3.d                          0.032   0.032   0.248   0.055   0.030   0.275   0.018   0.017   0.547   0.035   0.028    ----   0.027   0.021   0.632   0.036   0.042   0.465   0.047   0.027   0.132   0.034   0.037   0.077   0.020   0.026   0.097   0.021   0.021   0.085   0.033   0.042   0.067   0.031   0.020   0.094   0.037   0.042   0.108   0.046   0.039   0.206   0.032   0.018   0.085   0.053   0.025   0.081   0.066   0.024   0.086   0.051   0.026   0.075
L4.g                          0.059   0.053   0.074   0.144   0.102   0.053   0.197   0.108   0.079   0.264   0.166   0.027    ----   0.161   0.044   0.278   0.130   0.035   0.113   0.046   0.020   0.115   0.027   0.029   0.091   0.058   0.025   0.081   0.033   0.027   0.041   0.030   0.033   0.045   0.053   0.025   0.047   0.045   0.020   0.033   0.034   0.034   0.038   0.048   0.027   0.029   0.071   0.031   0.056   0.041   0.035   0.054   0.039   0.031
L4.u                          0.044   0.045   0.044   0.106   0.063   0.049   0.108   0.067   0.029   0.140   0.141   0.021   0.161    ----   0.022   0.172   0.103   0.022   0.046   0.032   0.024   0.072   0.034   0.021   0.034   0.035   0.038   0.043   0.046   0.022   0.041   0.028   0.041   0.024   0.026   0.028   0.039   0.033   0.031   0.018   0.051   0.041   0.031   0.022   0.034   0.038   0.012   0.029   0.043   0.050   0.029   0.042   0.035   0.028
L4.d                          0.036   0.038   0.217   0.059   0.028   0.209   0.052   0.033   0.309   0.029   0.016   0.632   0.044   0.022    ----   0.055   0.043   0.449   0.048   0.024   0.177   0.073   0.024   0.129   0.044   0.026   0.105   0.038   0.040   0.080   0.050   0.030   0.080   0.035   0.039   0.078   0.021   0.059   0.088   0.053   0.041   0.147   0.041   0.039   0.065   0.068   0.049   0.080   0.051   0.029   0.092   0.047   0.037   0.081
L5.g                          0.051   0.050   0.030   0.129   0.066   0.024   0.155   0.073   0.043   0.212   0.132   0.036   0.278   0.172   0.055    ----   0.190   0.038   0.123   0.036   0.033   0.116   0.032   0.038   0.099   0.071   0.036   0.089   0.038   0.026   0.060   0.029   0.028   0.070   0.051   0.030   0.048   0.030   0.048   0.040   0.044   0.054   0.053   0.042   0.046   0.061   0.033   0.079   0.074   0.025   0.053   0.075   0.043   0.042
L5.u                          0.027   0.040   0.014   0.080   0.054   0.016   0.055   0.051   0.021   0.078   0.079   0.042   0.130   0.103   0.043   0.190    ----   0.026   0.072   0.071   0.029   0.062   0.053   0.020   0.051   0.046   0.042   0.029   0.035   0.026   0.030   0.042   0.034   0.037   0.017   0.035   0.030   0.035   0.017   0.044   0.050   0.031   0.037   0.033   0.026   0.041   0.028   0.033   0.040   0.045   0.030   0.047   0.041   0.034
L5.d                          0.030   0.014   0.236   0.025   0.029   0.245   0.024   0.031   0.298   0.055   0.025   0.465   0.035   0.022   0.449   0.038   0.026    ----   0.044   0.021   0.182   0.034   0.026   0.131   0.036   0.040   0.111   0.041   0.024   0.111   0.035   0.035   0.128   0.027   0.037   0.107   0.019   0.041   0.079   0.054   0.021   0.046   0.046   0.051   0.033   0.043   0.032   0.038   0.035   0.023   0.041   0.037   0.035   0.038
L8.g                          0.033   0.052   0.046   0.049   0.038   0.037   0.030   0.040   0.034   0.074   0.043   0.047   0.113   0.046   0.048   0.123   0.072   0.044    ----   0.154   0.040   0.213   0.064   0.030   0.175   0.094   0.036   0.078   0.073   0.035   0.113   0.071   0.047   0.086   0.053   0.042   0.123   0.049   0.048   0.089   0.060   0.055   0.120   0.072   0.038   0.108   0.079   0.046   0.114   0.036   0.041   0.102   0.052   0.030
L8.u                          0.020   0.024   0.018   0.047   0.028   0.014   0.026   0.032   0.024   0.037   0.067   0.027   0.046   0.032   0.024   0.036   0.071   0.021   0.154    ----   0.028   0.127   0.056   0.028   0.101   0.077   0.022   0.049   0.065   0.020   0.054   0.060   0.040   0.033   0.031   0.038   0.076   0.036   0.031   0.036   0.055   0.031   0.056   0.042   0.039   0.048   0.052   0.045   0.033   0.026   0.024   0.044   0.025   0.024
L8.d                          0.045   0.022   0.049   0.035   0.027   0.099   0.027   0.019   0.087   0.031   0.021   0.132   0.020   0.024   0.177   0.033   0.029   0.182   0.040   0.028    ----   0.066   0.046   0.390   0.048   0.051   0.371   0.053   0.036   0.282   0.031   0.043   0.231   0.043   0.037   0.195   0.033   0.028   0.174   0.056   0.028   0.088   0.024   0.036   0.086   0.062   0.023   0.072   0.042   0.027   0.057   0.033   0.022   0.042
L9.g                          0.053   0.055   0.035   0.038   0.025   0.035   0.044   0.045   0.045   0.100   0.077   0.034   0.115   0.072   0.073   0.116   0.062   0.034   0.213   0.127   0.066    ----   0.148   0.044   0.278   0.169   0.031   0.172   0.140   0.040   0.122   0.087   0.044   0.170   0.074   0.040   0.150   0.087   0.042   0.131   0.070   0.040   0.134   0.116   0.015   0.153   0.117   0.027   0.167   0.060   0.021   0.150   0.115   0.017
L9.u                          0.055   0.051   0.031   0.022   0.032   0.035   0.013   0.032   0.034   0.044   0.034   0.037   0.027   0.034   0.024   0.032   0.053   0.026   0.064   0.056   0.046   0.148    ----   0.020   0.088   0.107   0.029   0.090   0.102   0.017   0.063   0.053   0.019   0.068   0.080   0.020   0.051   0.051   0.022   0.036   0.041   0.023   0.048   0.032   0.028   0.024   0.044   0.027   0.057   0.031   0.032   0.042   0.036   0.043
L9.d                          0.039   0.032   0.053   0.033   0.033   0.080   0.034   0.024   0.072   0.035   0.021   0.077   0.029   0.021   0.129   0.038   0.020   0.131   0.030   0.028   0.390   0.044   0.020    ----   0.063   0.035   0.470   0.052   0.038   0.390   0.027   0.034   0.331   0.029   0.029   0.269   0.021   0.018   0.210   0.051   0.024   0.134   0.019   0.020   0.090   0.028   0.025   0.089   0.041   0.018   0.065   0.041   0.039   0.068
L10.g                         0.030   0.039   0.025   0.030   0.022   0.038   0.037   0.029   0.030   0.048   0.027   0.020   0.091   0.034   0.044   0.099   0.051   0.036   0.175   0.101   0.048   0.278   0.088   0.063    ----   0.207   0.054   0.209   0.152   0.037   0.139   0.066   0.032   0.180   0.096   0.056   0.181   0.085   0.049   0.143   0.096   0.038   0.153   0.103   0.047   0.124   0.126   0.026   0.141   0.062   0.032   0.124   0.088   0.030
L10.u                         0.032   0.028   0.028   0.024   0.030   0.021   0.044   0.047   0.031   0.037   0.036   0.026   0.058   0.035   0.026   0.071   0.046   0.040   0.094   0.077   0.051   0.169   0.107   0.035   0.207    ----   0.026   0.134   0.163   0.028   0.093   0.083   0.023   0.096   0.090   0.026   0.117   0.047   0.020   0.080   0.049   0.029   0.100   0.043   0.029   0.062   0.053   0.032   0.074   0.040   0.037   0.080   0.070   0.047
L10.d                         0.040   0.038   0.057   0.031   0.031   0.094   0.036   0.035   0.094   0.026   0.032   0.097   0.025   0.038   0.105   0.036   0.042   0.111   0.036   0.022   0.371   0.031   0.029   0.470   0.054   0.026    ----   0.049   0.036   0.643   0.035   0.063   0.463   0.045   0.047   0.397   0.031   0.034   0.313   0.040   0.032   0.147   0.028   0.029   0.128   0.033   0.024   0.104   0.024   0.030   0.086   0.035   0.015   0.067
L11.g                         0.029   0.055   0.039   0.034   0.031   0.029   0.034   0.045   0.034   0.089   0.027   0.021   0.081   0.043   0.038   0.089   0.029   0.041   0.078   0.049   0.053   0.172   0.090   0.052   0.209   0.134   0.049    ----   0.199   0.032   0.141   0.130   0.044   0.161   0.084   0.040   0.170   0.072   0.032   0.118   0.101   0.036   0.130   0.108   0.025   0.104   0.098   0.055   0.110   0.066   0.041   0.125   0.098   0.019
L11.u                         0.036   0.058   0.023   0.033   0.024   0.039   0.040   0.046   0.031   0.027   0.027   0.021   0.033   0.046   0.040   0.038   0.035   0.024   0.073   0.065   0.036   0.140   0.102   0.038   0.152   0.163   0.036   0.199    ----   0.025   0.118   0.085   0.034   0.106   0.085   0.026   0.100   0.090   0.042   0.069   0.066   0.029   0.075   0.062   0.039   0.051   0.057   0.032   0.064   0.030   0.037   0.054   0.077   0.050
L11.d                         0.042   0.040   0.048   0.026   0.036   0.057   0.026   0.046   0.072   0.025   0.033   0.085   0.027   0.022   0.080   0.026   0.026   0.111   0.035   0.020   0.282   0.040   0.017   0.390   0.037   0.028   0.643   0.032   0.025    ----   0.045   0.050   0.666   0.067   0.031   0.526   0.053   0.026   0.413   0.059   0.038   0.170   0.034   0.041   0.142   0.035   0.021   0.122   0.031   0.041   0.090   0.035   0.024   0.070
L12.g                         0.018   0.018   0.020   0.024   0.019   0.037   0.032   0.032   0.027   0.052   0.037   0.033   0.041   0.041   0.050   0.060   0.030   0.035   0.113   0.054   0.031   0.122   0.063   0.027   0.139   0.093   0.035   0.141   0.118   0.045    ----   0.126   0.047   0.161   0.092   0.063   0.189   0.099   0.033   0.164   0.064   0.047   0.161   0.104   0.037   0.172   0.090   0.027   0.145   0.088   0.034   0.138   0.072   0.026
L12.u                         0.043   0.037   0.023   0.032   0.035   0.029   0.040   0.037   0.029   0.033   0.030   0.042   0.030   0.028   0.030   0.029   0.042   0.035   0.071   0.060   0.043   0.087   0.053   0.034   0.066   0.083   0.063   0.130   0.085   0.050   0.126    ----   0.039   0.138   0.120   0.044   0.118   0.083   0.031   0.080   0.066   0.051   0.105   0.076   0.033   0.060   0.070   0.030   0.061   0.073   0.047   0.066   0.038   0.036
L12.d                         0.038   0.039   0.036   0.024   0.021   0.041   0.029   0.039   0.052   0.035   0.042   0.067   0.033   0.041   0.080   0.028   0.034   0.128   0.047   0.040   0.231   0.044   0.019   0.331   0.032   0.023   0.463   0.044   0.034   0.666   0.047   0.039    ----   0.064   0.043   0.684   0.055   0.027   0.522   0.072   0.031   0.210   0.060   0.027   0.146   0.057   0.038   0.130   0.057   0.035   0.105   0.046   0.024   0.095
L13.g                         0.040   0.047   0.027   0.025   0.026   0.033   0.038   0.031   0.018   0.038   0.026   0.031   0.045   0.024   0.035   0.070   0.037   0.027   0.086   0.033   0.043   0.170   0.068   0.029   0.180   0.096   0.045   0.161   0.106   0.067   0.161   0.138   0.064    ----   0.210   0.037   0.262   0.134   0.020   0.175   0.103   0.028   0.169   0.137   0.032   0.169   0.110   0.045   0.179   0.105   0.049   0.142   0.109   0.020
L13.u                         0.025   0.043   0.043   0.029   0.026   0.028   0.012   0.044   0.028   0.049   0.022   0.020   0.053   0.026   0.039   0.051   0.017   0.037   0.053   0.031   0.037   0.074   0.080   0.029   0.096   0.090   0.047   0.084   0.085   0.031   0.092   0.120   0.043   0.210    ----   0.047   0.161   0.115   0.023   0.111   0.105   0.013   0.108   0.082   0.036   0.062   0.074   0.021   0.088   0.064   0.032   0.091   0.031   0.035
L13.d                         0.057   0.036   0.048   0.016   0.023   0.055   0.027   0.032   0.077   0.051   0.025   0.094   0.025   0.028   0.078   0.030   0.035   0.107   0.042   0.038   0.195   0.040   0.020   0.269   0.056   0.026   0.397   0.040   0.026   0.526   0.063   0.044   0.684   0.037   0.047    ----   0.083   0.042   0.684   0.068   0.038   0.282   0.072   0.056   0.200   0.075   0.045   0.166   0.064   0.052   0.130   0.072   0.028   0.107
L14.g                         0.037   0.042   0.030   0.029   0.026   0.032   0.035   0.041   0.035   0.061   0.022   0.037   0.047   0.039   0.021   0.048   0.030   0.019   0.123   0.076   0.033   0.150   0.051   0.021   0.181   0.117   0.031   0.170   0.100   0.053   0.189   0.118   0.055   0.262   0.161   0.083    ----   0.237   0.065   0.237   0.146   0.039   0.258   0.142   0.030   0.228   0.168   0.050   0.231   0.146   0.037   0.187   0.131   0.015
L14.u                         0.044   0.049   0.027   0.044   0.024   0.032   0.048   0.022   0.034   0.045   0.024   0.042   0.045   0.033   0.059   0.030   0.035   0.041   0.049   0.036   0.028   0.087   0.051   0.018   0.085   0.047   0.034   0.072   0.090   0.026   0.099   0.083   0.027   0.134   0.115   0.042   0.237    ----   0.023   0.132   0.112   0.031   0.104   0.101   0.032   0.120   0.121   0.030   0.105   0.074   0.028   0.084   0.060   0.019
L14.d                         0.024   0.035   0.048   0.038   0.032   0.043   0.029   0.028   0.065   0.029   0.029   0.108   0.020   0.031   0.088   0.048   0.017   0.079   0.048   0.031   0.174   0.042   0.022   0.210   0.049   0.020   0.313   0.032   0.042   0.413   0.033   0.031   0.522   0.020   0.023   0.684   0.065   0.023    ----   0.107   0.034   0.314   0.087   0.044   0.241   0.115   0.014   0.187   0.088   0.045   0.154   0.085   0.027   0.113
L18.g                         0.033   0.023   0.036   0.025   0.033   0.018   0.052   0.034   0.029   0.035   0.019   0.046   0.033   0.018   0.053   0.040   0.044   0.054   0.089   0.036   0.056   0.131   0.036   0.051   0.143   0.080   0.040   0.118   0.069   0.059   0.164   0.080   0.072   0.175   0.111   0.068   0.237   0.132   0.107    ----   0.271   0.069   0.377   0.260   0.052   0.360   0.201   0.046   0.303   0.187   0.038   0.282   0.173   0.018
L18.u                         0.021   0.046   0.039   0.023   0.020   0.039   0.027   0.037   0.022   0.036   0.025   0.039   0.034   0.051   0.041   0.044   0.050   0.021   0.060   0.055   0.028   0.070   0.041   0.024   0.096   0.049   0.032   0.101   0.066   0.038   0.064   0.066   0.031   0.103   0.105   0.038   0.146   0.112   0.034   0.271    ----   0.033   0.201   0.185   0.029   0.177   0.154   0.030   0.177   0.142   0.037   0.161   0.132   0.023
L18.d                         0.035   0.058   0.055   0.037   0.051   0.025   0.037   0.037   0.036   0.028   0.035   0.206   0.034   0.041   0.147   0.054   0.031   0.046   0.055   0.031   0.088   0.040   0.023   0.134   0.038   0.029   0.147   0.036   0.029   0.170   0.047   0.051   0.210   0.028   0.013   0.282   0.039   0.031   0.314   0.069   0.033    ----   0.117   0.046   0.515   0.159   0.052   0.420   0.130   0.045   0.288   0.123   0.022   0.224
L19.g                         0.026   0.022   0.046   0.022   0.042   0.032   0.028   0.036   0.031   0.031   0.019   0.032   0.038   0.031   0.041   0.053   0.037   0.046   0.120   0.056   0.024   0.134   0.048   0.019   0.153   0.100   0.028   0.130   0.075   0.034   0.161   0.105   0.060   0.169   0.108   0.072   0.258   0.104   0.087   0.377   0.201   0.117    ----   0.310   0.063   0.440   0.253   0.070   0.381   0.214   0.045   0.335   0.193   0.021
L19.u                         0.027   0.039   0.048   0.013   0.026   0.030   0.022   0.016   0.043   0.043   0.037   0.018   0.048   0.022   0.039   0.042   0.033   0.051   0.072   0.042   0.036   0.116   0.032   0.020   0.103   0.043   0.029   0.108   0.062   0.041   0.104   0.076   0.027   0.137   0.082   0.056   0.142   0.101   0.044   0.260   0.185   0.046   0.310    ----   0.035   0.250   0.189   0.027   0.262   0.175   0.024   0.200   0.161   0.019
L19.d                         0.022   0.015   0.062   0.014   0.045   0.035   0.035   0.018   0.035   0.021   0.036   0.085   0.027   0.034   0.065   0.046   0.026   0.033   0.038   0.039   0.086   0.015   0.028   0.090   0.047   0.029   0.128   0.025   0.039   0.142   0.037   0.033   0.146   0.032   0.036   0.200   0.030   0.032   0.241   0.052   0.029   0.515   0.063   0.035    ----   0.140   0.057   0.693   0.131   0.050   0.505   0.147   0.039   0.385
L20.g                         0.031   0.039   0.029   0.019   0.030   0.034   0.043   0.025   0.030   0.036   0.026   0.053   0.029   0.038   0.068   0.061   0.041   0.043   0.108   0.048   0.062   0.153   0.024   0.028   0.124   0.062   0.033   0.104   0.051   0.035   0.172   0.060   0.057   0.169   0.062   0.075   0.228   0.120   0.115   0.360   0.177   0.159   0.440   0.250   0.140    ----   0.292   0.124   0.457   0.248   0.072   0.409   0.221   0.063
L20.u                         0.044   0.033   0.029   0.036   0.028   0.024   0.041   0.039   0.036   0.058   0.027   0.025   0.071   0.012   0.049   0.033   0.028   0.032   0.079   0.052   0.023   0.117   0.044   0.025   0.126   0.053   0.024   0.098   0.057   0.021   0.090   0.070   0.038   0.110   0.074   0.045   0.168   0.121   0.014   0.201   0.154   0.052   0.253   0.189   0.057   0.292    ----   0.041   0.275   0.189   0.027   0.218   0.160   0.032
L20.d                         0.035   0.033   0.035   0.036   0.023   0.020   0.044   0.026   0.033   0.033   0.030   0.081   0.031   0.029   0.080   0.079   0.033   0.038   0.046   0.045   0.072   0.027   0.027   0.089   0.026   0.032   0.104   0.055   0.032   0.122   0.027   0.030   0.130   0.045   0.021   0.166   0.050   0.030   0.187   0.046   0.030   0.420   0.070   0.027   0.693   0.124   0.041    ----   0.143   0.051   0.670   0.152   0.028   0.535
L21.g                         0.027   0.036   0.048   0.025   0.029   0.029   0.036   0.050   0.031   0.038   0.036   0.066   0.056   0.043   0.051   0.074   0.040   0.035   0.114   0.033   0.042   0.167   0.057   0.041   0.141   0.074   0.024   0.110   0.064   0.031   0.145   0.061   0.057   0.179   0.088   0.064   0.231   0.105   0.088   0.303   0.177   0.130   0.381   0.262   0.131   0.457   0.275   0.143    ----   0.371   0.072   0.508   0.300   0.051
L21.u                         0.036   0.029   0.022   0.020   0.018   0.020   0.021   0.034   0.034   0.028   0.032   0.024   0.041   0.050   0.029   0.025   0.045   0.023   0.036   0.026   0.027   0.060   0.031   0.018   0.062   0.040   0.030   0.066   0.030   0.041   0.088   0.073   0.035   0.105   0.064   0.052   0.146   0.074   0.045   0.187   0.142   0.045   0.214   0.175   0.050   0.248   0.189   0.051   0.371    ----   0.029   0.268   0.197   0.029
L21.d                         0.050   0.040   0.046   0.021   0.035   0.049   0.027   0.020   0.036   0.058   0.030   0.086   0.035   0.029   0.092   0.053   0.030   0.041   0.041   0.024   0.057   0.021   0.032   0.065   0.032   0.037   0.086   0.041   0.037   0.090   0.034   0.047   0.105   0.049   0.032   0.130   0.037   0.028   0.154   0.038   0.037   0.288   0.045   0.024   0.505   0.072   0.027   0.670   0.072   0.029    ----   0.131   0.033   0.694
L22.g                         0.040   0.027   0.051   0.025   0.027   0.029   0.037   0.024   0.025   0.031   0.027   0.051   0.054   0.042   0.047   0.075   0.047   0.037   0.102   0.044   0.033   0.150   0.042   0.041   0.124   0.080   0.035   0.125   0.054   0.035   0.138   0.066   0.046   0.142   0.091   0.072   0.187   0.084   0.085   0.282   0.161   0.123   0.335   0.200   0.147   0.409   0.218   0.152   0.508   0.268   0.131    ----   0.415   0.068
L22.u                         0.014   0.037   0.023   0.025   0.031   0.035   0.035   0.021   0.028   0.040   0.018   0.026   0.039   0.035   0.037   0.043   0.041   0.035   0.052   0.025   0.022   0.115   0.036   0.039   0.088   0.070   0.015   0.098   0.077   0.024   0.072   0.038   0.024   0.109   0.031   0.028   0.131   0.060   0.027   0.173   0.132   0.022   0.193   0.161   0.039   0.221   0.160   0.028   0.300   0.197   0.033   0.415    ----   0.035
L22.d                         0.042   0.022   0.034   0.022   0.029   0.045   0.033   0.038   0.029   0.015   0.020   0.075   0.031   0.028   0.081   0.042   0.034   0.038   0.030   0.024   0.042   0.017   0.043   0.068   0.030   0.047   0.067   0.019   0.050   0.070   0.026   0.036   0.095   0.020   0.035   0.107   0.015   0.019   0.113   0.018   0.023   0.224   0.021   0.019   0.385   0.063   0.032   0.535   0.051   0.029   0.694   0.068   0.035    ----

────────────────────────────────────────────────────────────────────────────────
STRONGEST CROSS-LAYER CONNECTIONS (max cosine > 0.3)
────────────────────────────────────────────────────────────────────────────────

  0.6942  L21_down_proj             <-> L22_down_proj              (d0<->d0=0.6942)
  0.6927  L19_down_proj             <-> L20_down_proj              (d0<->d0=0.6927)
  0.6838  L13_down_proj             <-> L14_down_proj              (d0<->d0=0.6838)
  0.6838  L12_down_proj             <-> L13_down_proj              (d0<->d0=0.6838)
  0.6698  L20_down_proj             <-> L21_down_proj              (d0<->d0=0.6698)
  0.6659  L11_down_proj             <-> L12_down_proj              (d0<->d0=0.6659)
  0.6430  L10_down_proj             <-> L11_down_proj              (d0<->d0=0.6430)
  0.6324  L3_down_proj              <-> L4_down_proj               (d0<->d0=0.6324)
  0.5556  L0_down_proj              <-> L1_down_proj               (d0<->d0=0.5556)
  0.5473  L2_down_proj              <-> L3_down_proj               (d0<->d0=0.0382)
  0.5353  L20_down_proj             <-> L22_down_proj              (d0<->d0=0.5353)
  0.5324  L1_down_proj              <-> L2_down_proj               (d0<->d0=0.5324)
  0.5261  L11_down_proj             <-> L13_down_proj              (d0<->d0=0.5261)
  0.5224  L12_down_proj             <-> L14_down_proj              (d0<->d0=0.5224)
  0.5152  L18_down_proj             <-> L19_down_proj              (d0<->d0=0.5152)
  0.5075  L21_gate_proj             <-> L22_gate_proj              (d0<->d0=0.5075)
  0.5053  L19_down_proj             <-> L21_down_proj              (d0<->d0=0.5053)
  0.4698  L9_down_proj              <-> L10_down_proj              (d0<->d0=0.4698)
  0.4646  L3_down_proj              <-> L5_down_proj               (d0<->d0=0.0960)
  0.4632  L10_down_proj             <-> L12_down_proj              (d0<->d0=0.4632)
  0.4574  L20_gate_proj             <-> L21_gate_proj              (d0<->d0=0.4574)
  0.4558  L0_down_proj              <-> L2_down_proj               (d0<->d0=0.4558)
  0.4487  L4_down_proj              <-> L5_down_proj               (d0<->d0=0.4487)
  0.4404  L19_gate_proj             <-> L20_gate_proj              (d0<->d0=0.4404)
  0.4202  L18_down_proj             <-> L20_down_proj              (d0<->d0=0.4202)
  0.4145  L22_gate_proj             <-> L22_up_proj                (d0<->d0=0.4145)
  0.4129  L11_down_proj             <-> L14_down_proj              (d0<->d0=0.4129)
  0.4089  L20_gate_proj             <-> L22_gate_proj              (d0<->d0=0.4089)
  0.3965  L10_down_proj             <-> L13_down_proj              (d0<->d0=0.3965)
  0.3905  L8_down_proj              <-> L9_down_proj               (d0<->d0=0.3750)
  0.3902  L9_down_proj              <-> L11_down_proj              (d0<->d0=0.3902)
  0.3846  L19_down_proj             <-> L22_down_proj              (d0<->d0=0.3846)
  0.3811  L19_gate_proj             <-> L21_gate_proj              (d0<->d0=0.3811)
  0.3774  L18_gate_proj             <-> L19_gate_proj              (d0<->d0=0.3774)
  0.3707  L21_gate_proj             <-> L21_up_proj                (d0<->d0=0.3707)
  0.3705  L8_down_proj              <-> L10_down_proj              (d0<->d0=0.3051)
  0.3596  L18_gate_proj             <-> L20_gate_proj              (d0<->d0=0.3596)
  0.3349  L19_gate_proj             <-> L22_gate_proj              (d0<->d0=0.3349)
  0.3314  L9_down_proj              <-> L12_down_proj              (d0<->d0=0.3314)
  0.3141  L14_down_proj             <-> L18_down_proj              (d0<->d0=0.3141)

────────────────────────────────────────────────────────────────────────────────
COMPONENT-SEPARATED ANALYSIS
────────────────────────────────────────────────────────────────────────────────

gate_proj x gate_proj coherence:
  0.5075  L21_gate_proj <-> L22_gate_proj
  0.4574  L20_gate_proj <-> L21_gate_proj
  0.4404  L19_gate_proj <-> L20_gate_proj
  0.4089  L20_gate_proj <-> L22_gate_proj
  0.3811  L19_gate_proj <-> L21_gate_proj
  0.3774  L18_gate_proj <-> L19_gate_proj
  0.3596  L18_gate_proj <-> L20_gate_proj
  0.3349  L19_gate_proj <-> L22_gate_proj
  0.3025  L18_gate_proj <-> L21_gate_proj
  0.2816  L18_gate_proj <-> L22_gate_proj
  0.2784  L9_gate_proj <-> L10_gate_proj
  0.2782  L4_gate_proj <-> L5_gate_proj
  0.2645  L3_gate_proj <-> L4_gate_proj
  0.2618  L2_gate_proj <-> L3_gate_proj
  0.2617  L13_gate_proj <-> L14_gate_proj
  0.2582  L14_gate_proj <-> L19_gate_proj
  0.2372  L14_gate_proj <-> L18_gate_proj
  0.2338  L1_gate_proj <-> L2_gate_proj
  0.2310  L14_gate_proj <-> L21_gate_proj
  0.2282  L14_gate_proj <-> L20_gate_proj

up_proj x up_proj coherence:
  (none > 0.2)

down_proj x down_proj coherence:
  0.6942  L21_down_proj <-> L22_down_proj
  0.6927  L19_down_proj <-> L20_down_proj
  0.6838  L13_down_proj <-> L14_down_proj
  0.6838  L12_down_proj <-> L13_down_proj
  0.6698  L20_down_proj <-> L21_down_proj
  0.6659  L11_down_proj <-> L12_down_proj
  0.6430  L10_down_proj <-> L11_down_proj
  0.6324  L3_down_proj <-> L4_down_proj
  0.5556  L0_down_proj <-> L1_down_proj
  0.5473  L2_down_proj <-> L3_down_proj
  0.5353  L20_down_proj <-> L22_down_proj
  0.5324  L1_down_proj <-> L2_down_proj
  0.5261  L11_down_proj <-> L13_down_proj
  0.5224  L12_down_proj <-> L14_down_proj
  0.5152  L18_down_proj <-> L19_down_proj
  0.5053  L19_down_proj <-> L21_down_proj
  0.4698  L9_down_proj <-> L10_down_proj
  0.4646  L3_down_proj <-> L5_down_proj
  0.4632  L10_down_proj <-> L12_down_proj
  0.4558  L0_down_proj <-> L2_down_proj

Cross-component coherence (gate <-> up <-> down):
  0.4145  L22_gate_proj <-> L22_up_proj
  0.3707  L21_gate_proj <-> L21_up_proj
  0.3098  L19_gate_proj <-> L19_up_proj
  0.2999  L21_gate_proj <-> L22_up_proj
  0.2963  L1_gate_proj <-> L1_up_proj
  0.2919  L20_gate_proj <-> L20_up_proj
  0.2754  L20_up_proj <-> L21_gate_proj
  0.2714  L18_gate_proj <-> L18_up_proj
  0.2681  L21_up_proj <-> L22_gate_proj
  0.2618  L19_up_proj <-> L21_gate_proj
  0.2603  L18_gate_proj <-> L19_up_proj
  0.2531  L19_gate_proj <-> L20_up_proj
  0.2500  L19_up_proj <-> L20_gate_proj
  0.2478  L20_gate_proj <-> L21_up_proj
  0.2372  L14_gate_proj <-> L14_up_proj
  0.2207  L20_gate_proj <-> L22_up_proj
  0.2192  L2_gate_proj <-> L2_up_proj
  0.2181  L20_up_proj <-> L22_gate_proj
  0.2141  L3_gate_proj <-> L3_up_proj
  0.2136  L19_gate_proj <-> L21_up_proj
  0.2119  L0_gate_proj <-> L0_up_proj
  0.2097  L13_gate_proj <-> L13_up_proj
  0.2066  L10_gate_proj <-> L10_up_proj
  0.2012  L18_gate_proj <-> L20_up_proj
  0.2007  L18_up_proj <-> L19_gate_proj
  0.2004  L19_up_proj <-> L22_gate_proj

────────────────────────────────────────────────────────────────────────────────
LAYER GROUP ANALYSIS
────────────────────────────────────────────────────────────────────────────────

  early (0-5) <-> early (0-5): mean=0.1062  max=0.6324  n=306
  early (0-5) <-> mid (8-14): mean=0.0422  max=0.1824  n=378
  early (0-5) <-> late (18-22): mean=0.0375  max=0.2057  n=270
  mid (8-14) <-> mid (8-14): mean=0.1083  max=0.6838  n=420
  late (18-22) <-> mid (8-14): mean=0.0734  max=0.3141  n=315
  late (18-22) <-> late (18-22): mean=0.1874  max=0.6942  n=210
