================================================================================
LAYER×LAYER COHERENCE MAP — M3
Cosine similarity between top-3 SVD directions of weight deltas
================================================================================

Singular values (modification strength):
  L0_q_a_proj         : σ=[2.930, 0.236, 0.125]  frob=3.20
  L0_o_proj           : σ=[5.197, 1.272, 0.941]  frob=5.65
  L1_q_a_proj         : σ=[1.690, 0.461, 0.208]  frob=1.87
  L1_o_proj           : σ=[5.523, 0.765, 0.446]  frob=5.75
  L2_q_a_proj         : σ=[0.827, 0.224, 0.148]  frob=1.00
  L2_o_proj           : σ=[5.448, 0.614, 0.358]  frob=5.67
  L3_q_a_proj         : σ=[1.254, 0.318, 0.146]  frob=1.46
  L3_o_proj           : σ=[4.084, 2.472, 1.332]  frob=5.47
  L4_q_a_proj         : σ=[1.893, 0.687, 0.109]  frob=2.24
  L4_o_proj           : σ=[5.869, 1.940, 0.935]  frob=6.52
  L5_q_a_proj         : σ=[1.139, 0.690, 0.244]  frob=1.58
  L5_o_proj           : σ=[3.973, 2.860, 1.441]  frob=5.76
  L6_q_a_proj         : σ=[1.928, 0.147, 0.126]  frob=2.11
  L6_o_proj           : σ=[5.404, 2.030, 1.137]  frob=6.45
  L7_q_a_proj         : σ=[1.696, 0.557, 0.183]  frob=2.02
  L7_o_proj           : σ=[4.809, 1.527, 0.899]  frob=5.70
  L8_q_a_proj         : σ=[1.017, 0.369, 0.255]  frob=1.33
  L8_o_proj           : σ=[4.521, 1.731, 0.663]  frob=5.37
  L9_q_a_proj         : σ=[0.841, 0.593, 0.370]  frob=1.47
  L9_o_proj           : σ=[4.544, 2.044, 1.647]  frob=6.04
  L10_q_a_proj        : σ=[1.274, 0.442, 0.350]  frob=1.69
  L10_o_proj          : σ=[5.493, 1.644, 1.479]  frob=6.90
  L11_q_a_proj        : σ=[1.519, 0.845, 0.301]  frob=2.03
  L11_o_proj          : σ=[4.069, 2.012, 1.638]  frob=5.61
  L12_q_a_proj        : σ=[1.234, 0.738, 0.270]  frob=1.74
  L12_o_proj          : σ=[4.004, 2.718, 2.230]  frob=6.38
  L19_q_a_proj        : σ=[1.238, 0.534, 0.172]  frob=1.70
  L19_o_proj          : σ=[3.550, 2.782, 1.520]  frob=5.83
  L20_q_a_proj        : σ=[1.267, 0.491, 0.143]  frob=1.71
  L20_o_proj          : σ=[3.932, 3.004, 1.766]  frob=6.45
  L21_q_a_proj        : σ=[1.606, 0.476, 0.195]  frob=1.99
  L21_o_proj          : σ=[3.319, 2.512, 1.916]  frob=5.97
  L28_q_a_proj        : σ=[1.668, 0.485, 0.214]  frob=2.13
  L28_o_proj          : σ=[3.211, 1.936, 1.766]  frob=5.43
  L29_q_a_proj        : σ=[1.373, 0.496, 0.372]  frob=1.94
  L29_o_proj          : σ=[3.475, 2.350, 1.537]  frob=5.62
  L30_q_a_proj        : σ=[1.743, 0.509, 0.306]  frob=2.27
  L30_o_proj          : σ=[3.607, 2.482, 1.956]  frob=6.20
  L31_q_a_proj        : σ=[1.126, 0.556, 0.393]  frob=1.82
  L31_o_proj          : σ=[3.406, 2.259, 1.938]  frob=5.94
  L32_q_a_proj        : σ=[1.693, 0.381, 0.195]  frob=2.13
  L32_o_proj          : σ=[3.788, 2.005, 1.395]  frob=5.71
  L39_q_a_proj        : σ=[1.804, 0.746, 0.243]  frob=2.42
  L39_o_proj          : σ=[5.295, 2.120, 1.431]  frob=6.90
  L40_q_a_proj        : σ=[2.207, 0.498, 0.230]  frob=2.78
  L40_o_proj          : σ=[4.371, 2.551, 2.240]  frob=7.11
  L47_q_a_proj        : σ=[1.601, 0.940, 0.209]  frob=2.25
  L47_o_proj          : σ=[4.824, 2.633, 1.684]  frob=6.66
  L48_q_a_proj        : σ=[2.142, 0.457, 0.378]  frob=2.56
  L48_o_proj          : σ=[4.078, 2.668, 1.875]  frob=6.56
  L49_q_a_proj        : σ=[1.905, 1.119, 0.380]  frob=2.65
  L49_o_proj          : σ=[5.148, 2.365, 1.961]  frob=7.16
  L50_q_a_proj        : σ=[2.347, 1.065, 0.312]  frob=2.99
  L50_o_proj          : σ=[6.030, 1.963, 1.937]  frob=7.62
  L51_q_a_proj        : σ=[1.692, 0.510, 0.255]  frob=2.09
  L51_o_proj          : σ=[4.916, 2.584, 1.527]  frob=6.54
  L52_q_a_proj        : σ=[1.625, 0.373, 0.137]  frob=1.98
  L52_o_proj          : σ=[5.102, 2.654, 2.457]  frob=7.50
  L53_q_a_proj        : σ=[1.957, 0.790, 0.280]  frob=2.49
  L53_o_proj          : σ=[4.013, 2.806, 2.156]  frob=6.42
  L54_q_a_proj        : σ=[2.021, 0.325, 0.194]  frob=2.32
  L54_o_proj          : σ=[5.271, 1.957, 1.789]  frob=7.25
  L55_q_a_proj        : σ=[1.397, 0.768, 0.334]  frob=2.04
  L55_o_proj          : σ=[3.650, 2.383, 2.014]  frob=5.98
  L56_q_a_proj        : σ=[1.905, 0.766, 0.229]  frob=2.38
  L56_o_proj          : σ=[4.691, 2.183, 1.631]  frob=6.55
  L57_q_a_proj        : σ=[2.081, 0.482, 0.347]  frob=2.42
  L57_o_proj          : σ=[5.108, 1.711, 0.892]  frob=6.02
  L58_q_a_proj        : σ=[2.712, 0.245, 0.137]  frob=2.91
  L58_o_proj          : σ=[4.388, 1.914, 1.560]  frob=5.66
  L59_q_a_proj        : σ=[2.350, 0.652, 0.212]  frob=2.68
  L59_o_proj          : σ=[3.984, 2.361, 1.602]  frob=5.88
  L60_q_a_proj        : σ=[2.145, 0.531, 0.175]  frob=2.38
  L60_o_proj          : σ=[4.482, 1.817, 1.155]  frob=5.46

────────────────────────────────────────────────────────────────────────────────
MAX COSINE COHERENCE (best direction match)
────────────────────────────────────────────────────────────────────────────────

                       L0.qa    L0.o   L1.qa    L1.o   L2.qa    L2.o   L3.qa    L3.o   L4.qa    L4.o   L5.qa    L5.o   L6.qa    L6.o   L7.qa    L7.o   L8.qa    L8.o   L9.qa    L9.o  L10.qa   L10.o  L11.qa   L11.o  L12.qa   L12.o  L19.qa   L19.o  L20.qa   L20.o  L21.qa   L21.o  L28.qa   L28.o  L29.qa   L29.o  L30.qa   L30.o  L31.qa   L31.o  L32.qa   L32.o  L39.qa   L39.o  L40.qa   L40.o  L47.qa   L47.o  L48.qa   L48.o  L49.qa   L49.o  L50.qa   L50.o  L51.qa   L51.o  L52.qa   L52.o  L53.qa   L53.o  L54.qa   L54.o  L55.qa   L55.o  L56.qa   L56.o  L57.qa   L57.o  L58.qa   L58.o  L59.qa   L59.o  L60.qa   L60.o
L0.qa                     ----   0.023   0.245   0.020   0.047   0.030   0.046   0.023   0.119   0.026   0.065   0.019   0.031   0.022   0.038   0.040   0.029   0.028   0.032   0.017   0.032   0.027   0.022   0.033   0.025   0.030   0.025   0.019   0.016   0.022   0.020   0.024   0.029   0.021   0.023   0.022   0.022   0.011   0.020   0.020   0.026   0.017   0.026   0.033   0.031   0.023   0.022   0.022   0.026   0.031   0.024   0.020   0.025   0.021   0.014   0.033   0.025   0.022   0.019   0.038   0.022   0.027   0.020   0.022   0.042   0.018   0.016   0.016   0.011   0.019   0.022   0.021   0.020   0.010
L0.o                     0.023    ----   0.056   0.887   0.147   0.908   0.075   0.776   0.143   0.554   0.040   0.499   0.152   0.470   0.051   0.581   0.058   0.521   0.065   0.168   0.071   0.318   0.041   0.386   0.052   0.299   0.049   0.288   0.025   0.235   0.059   0.184   0.025   0.090   0.036   0.121   0.021   0.043   0.026   0.072   0.036   0.047   0.034   0.026   0.022   0.027   0.025   0.027   0.021   0.021   0.027   0.036   0.029   0.027   0.021   0.042   0.028   0.024   0.013   0.027   0.018   0.019   0.027   0.027   0.022   0.022   0.033   0.024   0.021   0.020   0.027   0.027   0.048   0.013
L1.qa                    0.245   0.056    ----   0.048   0.065   0.048   0.159   0.048   0.109   0.065   0.083   0.036   0.083   0.039   0.049   0.039   0.041   0.032   0.045   0.024   0.038   0.026   0.020   0.025   0.033   0.035   0.028   0.025   0.021   0.017   0.030   0.021   0.030   0.028   0.030   0.024   0.022   0.024   0.019   0.016   0.017   0.013   0.020   0.027   0.016   0.013   0.024   0.015   0.018   0.025   0.014   0.020   0.024   0.023   0.021   0.031   0.025   0.012   0.026   0.029   0.013   0.018   0.034   0.020   0.023   0.037   0.012   0.018   0.012   0.023   0.025   0.014   0.022   0.011
L1.o                     0.020   0.887   0.048    ----   0.134   0.970   0.088   0.784   0.139   0.611   0.054   0.557   0.177   0.516   0.057   0.634   0.060   0.590   0.063   0.320   0.075   0.329   0.057   0.422   0.059   0.309   0.049   0.344   0.027   0.256   0.059   0.204   0.031   0.112   0.041   0.128   0.028   0.060   0.025   0.060   0.023   0.054   0.024   0.023   0.015   0.021   0.022   0.032   0.016   0.016   0.022   0.050   0.024   0.035   0.023   0.053   0.016   0.022   0.018   0.028   0.028   0.016   0.018   0.018   0.018   0.024   0.028   0.028   0.015   0.033   0.010   0.043   0.038   0.021
L2.qa                    0.047   0.147   0.065   0.134    ----   0.136   0.066   0.131   0.176   0.107   0.053   0.104   0.061   0.075   0.043   0.114   0.047   0.115   0.028   0.045   0.028   0.058   0.025   0.070   0.035   0.040   0.025   0.059   0.027   0.047   0.033   0.052   0.022   0.029   0.011   0.021   0.031   0.023   0.021   0.032   0.023   0.028   0.020   0.020   0.020   0.026   0.025   0.025   0.034   0.020   0.034   0.029   0.014   0.027   0.029   0.021   0.017   0.029   0.019   0.023   0.035   0.030   0.019   0.014   0.027   0.021   0.022   0.016   0.020   0.016   0.017   0.019   0.024   0.026
L2.o                     0.030   0.908   0.048   0.970   0.136    ----   0.086   0.821   0.144   0.615   0.050   0.605   0.169   0.536   0.058   0.660   0.067   0.629   0.065   0.244   0.081   0.345   0.064   0.445   0.050   0.296   0.052   0.339   0.025   0.263   0.056   0.210   0.028   0.107   0.033   0.127   0.029   0.063   0.024   0.066   0.024   0.060   0.030   0.022   0.016   0.018   0.019   0.031   0.018   0.016   0.018   0.051   0.024   0.037   0.021   0.047   0.021   0.023   0.012   0.025   0.018   0.012   0.019   0.016   0.024   0.018   0.030   0.026   0.019   0.018   0.019   0.036   0.042   0.031
L3.qa                    0.046   0.075   0.159   0.088   0.066   0.086    ----   0.081   0.106   0.068   0.095   0.068   0.038   0.059   0.051   0.060   0.035   0.062   0.055   0.041   0.038   0.038   0.020   0.057   0.020   0.042   0.025   0.031   0.021   0.028   0.023   0.029   0.021   0.023   0.014   0.024   0.016   0.019   0.019   0.012   0.025   0.019   0.027   0.028   0.023   0.019   0.016   0.017   0.026   0.016   0.016   0.018   0.016   0.027   0.012   0.023   0.022   0.040   0.019   0.026   0.023   0.024   0.025   0.018   0.023   0.028   0.014   0.017   0.020   0.025   0.022   0.019   0.028   0.024
L3.o                     0.023   0.776   0.048   0.784   0.131   0.821   0.081    ----   0.141   0.759   0.039   0.659   0.154   0.486   0.057   0.654   0.067   0.550   0.051   0.295   0.093   0.309   0.056   0.348   0.038   0.306   0.062   0.238   0.026   0.225   0.052   0.162   0.025   0.079   0.029   0.110   0.027   0.068   0.030   0.071   0.026   0.064   0.030   0.037   0.021   0.030   0.024   0.023   0.036   0.028   0.024   0.034   0.026   0.031   0.020   0.037   0.013   0.025   0.019   0.025   0.026   0.013   0.020   0.027   0.020   0.019   0.020   0.019   0.019   0.022   0.017   0.040   0.037   0.024
L4.qa                    0.119   0.143   0.109   0.139   0.176   0.144   0.106   0.141    ----   0.138   0.148   0.110   0.066   0.099   0.062   0.127   0.060   0.121   0.057   0.071   0.023   0.061   0.048   0.082   0.022   0.057   0.020   0.054   0.022   0.054   0.030   0.042   0.022   0.026   0.017   0.027   0.034   0.028   0.028   0.020   0.021   0.017   0.028   0.016   0.024   0.024   0.009   0.011   0.017   0.016   0.014   0.017   0.025   0.016   0.018   0.022   0.023   0.021   0.016   0.024   0.017   0.017   0.025   0.028   0.016   0.019   0.018   0.013   0.019   0.027   0.015   0.024   0.021   0.026
L4.o                     0.026   0.554   0.065   0.611   0.107   0.615   0.068   0.759   0.138    ----   0.026   0.713   0.130   0.538   0.041   0.587   0.092   0.585   0.054   0.481   0.080   0.391   0.079   0.400   0.057   0.350   0.062   0.282   0.039   0.203   0.049   0.195   0.029   0.103   0.028   0.101   0.026   0.091   0.032   0.099   0.025   0.084   0.025   0.042   0.015   0.026   0.019   0.035   0.019   0.027   0.026   0.040   0.022   0.033   0.024   0.039   0.020   0.027   0.019   0.025   0.019   0.010   0.022   0.035   0.016   0.018   0.031   0.028   0.021   0.026   0.017   0.025   0.028   0.028
L5.qa                    0.065   0.040   0.083   0.054   0.053   0.050   0.095   0.039   0.148   0.026    ----   0.034   0.059   0.034   0.100   0.042   0.039   0.037   0.041   0.020   0.044   0.027   0.043   0.023   0.029   0.024   0.030   0.025   0.014   0.020   0.029   0.019   0.022   0.017   0.015   0.037   0.034   0.010   0.016   0.018   0.018   0.024   0.026   0.023   0.017   0.024   0.022   0.023   0.021   0.018   0.031   0.026   0.021   0.018   0.019   0.019   0.022   0.022   0.026   0.023   0.019   0.021   0.018   0.020   0.020   0.022   0.015   0.021   0.018   0.025   0.024   0.016   0.029   0.019
L5.o                     0.019   0.499   0.036   0.557   0.104   0.605   0.068   0.659   0.110   0.713   0.034    ----   0.126   0.677   0.034   0.735   0.066   0.636   0.048   0.503   0.079   0.411   0.084   0.420   0.063   0.387   0.056   0.244   0.033   0.201   0.059   0.212   0.040   0.091   0.031   0.090   0.020   0.091   0.037   0.090   0.014   0.075   0.019   0.029   0.026   0.020   0.028   0.022   0.025   0.018   0.026   0.034   0.023   0.029   0.022   0.030   0.023   0.024   0.029   0.028   0.017   0.029   0.026   0.037   0.028   0.029   0.024   0.021   0.018   0.019   0.018   0.024   0.036   0.020
L6.qa                    0.031   0.152   0.083   0.177   0.061   0.169   0.038   0.154   0.066   0.130   0.059   0.126    ----   0.108   0.104   0.145   0.082   0.119   0.076   0.028   0.081   0.064   0.028   0.056   0.047   0.062   0.040   0.081   0.022   0.033   0.023   0.039   0.020   0.034   0.016   0.031   0.030   0.028   0.020   0.028   0.017   0.036   0.016   0.018   0.016   0.025   0.015   0.021   0.041   0.024   0.022   0.021   0.016   0.021   0.013   0.019   0.016   0.023   0.014   0.020   0.023   0.026   0.026   0.021   0.027   0.017   0.026   0.033   0.031   0.022   0.024   0.020   0.021   0.024
L6.o                     0.022   0.470   0.039   0.516   0.075   0.536   0.059   0.486   0.099   0.538   0.034   0.677   0.108    ----   0.058   0.657   0.077   0.574   0.055   0.532   0.061   0.460   0.080   0.529   0.035   0.333   0.052   0.245   0.026   0.211   0.075   0.166   0.031   0.080   0.031   0.082   0.020   0.075   0.021   0.068   0.019   0.084   0.020   0.054   0.015   0.023   0.026   0.025   0.029   0.034   0.019   0.029   0.034   0.029   0.020   0.047   0.035   0.020   0.031   0.033   0.015   0.025   0.015   0.021   0.023   0.033   0.035   0.040   0.024   0.029   0.016   0.047   0.023   0.035
L7.qa                    0.038   0.051   0.049   0.057   0.043   0.058   0.051   0.057   0.062   0.041   0.100   0.034   0.104   0.058    ----   0.056   0.054   0.045   0.091   0.031   0.086   0.027   0.078   0.041   0.057   0.022   0.029   0.026   0.020   0.024   0.023   0.030   0.019   0.016   0.025   0.025   0.023   0.029   0.051   0.019   0.024   0.019   0.034   0.013   0.017   0.012   0.018   0.024   0.018   0.025   0.027   0.013   0.018   0.025   0.022   0.037   0.018   0.020   0.015   0.031   0.015   0.024   0.019   0.029   0.023   0.032   0.025   0.015   0.024   0.017   0.018   0.014   0.019   0.017
L7.o                     0.040   0.581   0.039   0.634   0.114   0.660   0.060   0.654   0.127   0.587   0.042   0.735   0.145   0.657   0.056    ----   0.080   0.818   0.047   0.422   0.091   0.358   0.086   0.508   0.040   0.453   0.056   0.324   0.032   0.188   0.065   0.223   0.027   0.108   0.034   0.121   0.029   0.096   0.026   0.091   0.018   0.074   0.021   0.054   0.024   0.020   0.029   0.033   0.035   0.019   0.014   0.032   0.021   0.032   0.019   0.047   0.020   0.032   0.021   0.043   0.030   0.028   0.029   0.029   0.015   0.026   0.026   0.036   0.023   0.043   0.010   0.035   0.031   0.052
L8.qa                    0.029   0.058   0.041   0.060   0.047   0.067   0.035   0.067   0.060   0.092   0.039   0.066   0.082   0.077   0.054   0.080    ----   0.081   0.084   0.057   0.057   0.045   0.044   0.043   0.057   0.036   0.051   0.026   0.034   0.033   0.031   0.015   0.047   0.022   0.023   0.020   0.028   0.022   0.032   0.013   0.026   0.022   0.026   0.025   0.020   0.032   0.017   0.031   0.029   0.023   0.029   0.018   0.023   0.022   0.007   0.021   0.019   0.006   0.025   0.019   0.021   0.032   0.017   0.016   0.031   0.025   0.030   0.023   0.016   0.018   0.032   0.029   0.019   0.027
L8.o                     0.028   0.521   0.032   0.590   0.115   0.629   0.062   0.550   0.121   0.585   0.037   0.636   0.119   0.574   0.045   0.818   0.081    ----   0.060   0.524   0.088   0.440   0.081   0.595   0.047   0.445   0.051   0.357   0.037   0.266   0.046   0.241   0.029   0.131   0.022   0.142   0.024   0.117   0.026   0.082   0.020   0.093   0.020   0.036   0.022   0.020   0.019   0.023   0.025   0.020   0.021   0.045   0.029   0.030   0.025   0.039   0.016   0.036   0.029   0.036   0.023   0.018   0.031   0.034   0.020   0.032   0.028   0.033   0.019   0.024   0.017   0.027   0.027   0.025
L9.qa                    0.032   0.065   0.045   0.063   0.028   0.065   0.055   0.051   0.057   0.054   0.041   0.048   0.076   0.055   0.091   0.047   0.084   0.060    ----   0.022   0.065   0.060   0.088   0.030   0.052   0.048   0.046   0.022   0.045   0.035   0.024   0.033   0.019   0.018   0.021   0.023   0.015   0.025   0.023   0.019   0.021   0.040   0.026   0.016   0.020   0.018   0.034   0.028   0.017   0.021   0.018   0.028   0.024   0.021   0.018   0.012   0.023   0.019   0.032   0.013   0.026   0.020   0.022   0.027   0.018   0.027   0.026   0.023   0.020   0.023   0.027   0.011   0.034   0.024
L9.o                     0.017   0.168   0.024   0.320   0.045   0.244   0.041   0.295   0.071   0.481   0.020   0.503   0.028   0.532   0.031   0.422   0.057   0.524   0.022    ----   0.073   0.651   0.107   0.508   0.077   0.408   0.028   0.139   0.026   0.173   0.028   0.152   0.037   0.088   0.022   0.064   0.026   0.103   0.027   0.067   0.027   0.088   0.014   0.063   0.011   0.020   0.010   0.023   0.017   0.031   0.019   0.030   0.032   0.014   0.028   0.028   0.026   0.024   0.032   0.031   0.013   0.033   0.021   0.022   0.019   0.022   0.022   0.026   0.031   0.023   0.018   0.018   0.018   0.030
L10.qa                   0.032   0.071   0.038   0.075   0.028   0.081   0.038   0.093   0.023   0.080   0.044   0.079   0.081   0.061   0.086   0.091   0.057   0.088   0.065   0.073    ----   0.052   0.083   0.053   0.052   0.046   0.047   0.047   0.030   0.024   0.063   0.029   0.029   0.026   0.029   0.029   0.032   0.019   0.044   0.034   0.023   0.013   0.021   0.019   0.021   0.019   0.015   0.017   0.031   0.021   0.023   0.015   0.024   0.029   0.030   0.018   0.031   0.025   0.018   0.027   0.030   0.024   0.020   0.021   0.018   0.017   0.021   0.019   0.015   0.018   0.025   0.013   0.026   0.017
L10.o                    0.027   0.318   0.026   0.329   0.058   0.345   0.038   0.309   0.061   0.391   0.027   0.411   0.064   0.460   0.027   0.358   0.045   0.440   0.060   0.651   0.052    ----   0.090   0.650   0.055   0.463   0.033   0.203   0.022   0.241   0.031   0.222   0.037   0.087   0.020   0.092   0.050   0.092   0.033   0.079   0.027   0.075   0.018   0.036   0.028   0.024   0.026   0.019   0.027   0.021   0.026   0.027   0.020   0.030   0.022   0.026   0.017   0.030   0.024   0.035   0.014   0.032   0.014   0.020   0.031   0.025   0.027   0.025   0.021   0.021   0.028   0.022   0.022   0.028
L11.qa                   0.022   0.041   0.020   0.057   0.025   0.064   0.020   0.056   0.048   0.079   0.043   0.084   0.028   0.080   0.078   0.086   0.044   0.081   0.088   0.107   0.083   0.090    ----   0.068   0.099   0.039   0.040   0.046   0.030   0.041   0.029   0.043   0.026   0.031   0.031   0.029   0.023   0.022   0.021   0.038   0.022   0.041   0.023   0.020   0.023   0.036   0.022   0.022   0.029   0.023   0.013   0.024   0.027   0.022   0.020   0.025   0.034   0.026   0.022   0.024   0.022   0.010   0.015   0.021   0.034   0.026   0.019   0.025   0.025   0.021   0.028   0.030   0.027   0.015
L11.o                    0.033   0.386   0.025   0.422   0.070   0.445   0.057   0.348   0.082   0.400   0.023   0.420   0.056   0.529   0.041   0.508   0.043   0.595   0.030   0.508   0.053   0.650   0.068    ----   0.046   0.564   0.071   0.386   0.030   0.376   0.051   0.258   0.036   0.124   0.030   0.122   0.023   0.116   0.028   0.101   0.021   0.094   0.028   0.062   0.020   0.034   0.029   0.030   0.012   0.044   0.021   0.026   0.031   0.043   0.019   0.042   0.020   0.053   0.025   0.034   0.022   0.018   0.013   0.036   0.018   0.026   0.048   0.031   0.019   0.036   0.014   0.018   0.022   0.027
L12.qa                   0.025   0.052   0.033   0.059   0.035   0.050   0.020   0.038   0.022   0.057   0.029   0.063   0.047   0.035   0.057   0.040   0.057   0.047   0.052   0.077   0.052   0.055   0.099   0.046    ----   0.056   0.056   0.034   0.031   0.019   0.033   0.030   0.039   0.020   0.031   0.015   0.031   0.035   0.040   0.021   0.023   0.033   0.028   0.020   0.020   0.027   0.025   0.027   0.019   0.021   0.029   0.024   0.020   0.028   0.030   0.019   0.015   0.019   0.024   0.018   0.042   0.016   0.024   0.018   0.014   0.019   0.026   0.031   0.018   0.015   0.018   0.019   0.026   0.018
L12.o                    0.030   0.299   0.035   0.309   0.040   0.296   0.042   0.306   0.057   0.350   0.024   0.387   0.062   0.333   0.022   0.453   0.036   0.445   0.048   0.408   0.046   0.463   0.039   0.564   0.056    ----   0.053   0.263   0.035   0.228   0.038   0.237   0.035   0.127   0.039   0.123   0.018   0.120   0.036   0.076   0.032   0.080   0.029   0.047   0.032   0.035   0.028   0.020   0.014   0.019   0.020   0.037   0.021   0.026   0.015   0.034   0.027   0.040   0.034   0.037   0.013   0.024   0.020   0.036   0.025   0.035   0.029   0.037   0.015   0.026   0.015   0.029   0.016   0.021
L19.qa                   0.025   0.049   0.028   0.049   0.025   0.052   0.025   0.062   0.020   0.062   0.030   0.056   0.040   0.052   0.029   0.056   0.051   0.051   0.046   0.028   0.047   0.033   0.040   0.071   0.056   0.053    ----   0.046   0.142   0.035   0.155   0.020   0.055   0.023   0.038   0.028   0.052   0.033   0.058   0.022   0.036   0.023   0.042   0.011   0.022   0.019   0.022   0.017   0.024   0.011   0.040   0.020   0.036   0.017   0.014   0.025   0.032   0.030   0.007   0.023   0.030   0.034   0.033   0.026   0.021   0.022   0.017   0.014   0.031   0.025   0.027   0.032   0.033   0.009
L19.o                    0.019   0.288   0.025   0.344   0.059   0.339   0.031   0.238   0.054   0.282   0.025   0.244   0.081   0.245   0.026   0.324   0.026   0.357   0.022   0.139   0.047   0.203   0.046   0.386   0.034   0.263   0.046    ----   0.047   0.577   0.082   0.592   0.089   0.237   0.060   0.261   0.038   0.193   0.041   0.123   0.037   0.144   0.032   0.078   0.030   0.030   0.014   0.048   0.017   0.040   0.014   0.045   0.031   0.046   0.029   0.086   0.018   0.044   0.022   0.050   0.017   0.021   0.029   0.024   0.027   0.026   0.025   0.039   0.031   0.023   0.031   0.030   0.016   0.031
L20.qa                   0.016   0.025   0.021   0.027   0.027   0.025   0.021   0.026   0.022   0.039   0.014   0.033   0.022   0.026   0.020   0.032   0.034   0.037   0.045   0.026   0.030   0.022   0.030   0.030   0.031   0.035   0.142   0.047    ----   0.035   0.096   0.033   0.041   0.040   0.032   0.018   0.035   0.025   0.027   0.017   0.042   0.014   0.037   0.017   0.028   0.026   0.024   0.014   0.026   0.014   0.029   0.019   0.018   0.019   0.019   0.035   0.022   0.026   0.033   0.025   0.021   0.019   0.031   0.015   0.012   0.026   0.021   0.017   0.041   0.016   0.025   0.016   0.026   0.021
L20.o                    0.022   0.235   0.017   0.256   0.047   0.263   0.028   0.225   0.054   0.203   0.020   0.201   0.033   0.211   0.024   0.188   0.033   0.266   0.035   0.173   0.024   0.241   0.041   0.376   0.019   0.228   0.035   0.577   0.035    ----   0.049   0.537   0.074   0.211   0.046   0.199   0.033   0.108   0.044   0.166   0.037   0.153   0.024   0.042   0.020   0.078   0.023   0.062   0.028   0.063   0.031   0.075   0.057   0.066   0.026   0.083   0.010   0.033   0.013   0.043   0.032   0.030   0.035   0.045   0.016   0.038   0.025   0.039   0.020   0.032   0.018   0.031   0.024   0.026
L21.qa                   0.020   0.059   0.030   0.059   0.033   0.056   0.023   0.052   0.030   0.049   0.029   0.059   0.023   0.075   0.023   0.065   0.031   0.046   0.024   0.028   0.063   0.031   0.029   0.051   0.033   0.038   0.155   0.082   0.096   0.049    ----   0.059   0.051   0.044   0.033   0.056   0.039   0.057   0.029   0.033   0.042   0.049   0.021   0.036   0.033   0.024   0.037   0.012   0.019   0.016   0.022   0.012   0.030   0.011   0.026   0.025   0.022   0.013   0.013   0.012   0.026   0.023   0.025   0.019   0.027   0.015   0.035   0.022   0.026   0.017   0.023   0.028   0.013   0.025
L21.o                    0.024   0.184   0.021   0.204   0.052   0.210   0.029   0.162   0.042   0.195   0.019   0.212   0.039   0.166   0.030   0.223   0.015   0.241   0.033   0.152   0.029   0.222   0.043   0.258   0.030   0.237   0.020   0.592   0.033   0.537   0.059    ----   0.084   0.297   0.064   0.262   0.037   0.194   0.052   0.119   0.037   0.135   0.040   0.085   0.032   0.052   0.038   0.085   0.027   0.051   0.029   0.057   0.039   0.069   0.019   0.086   0.020   0.060   0.024   0.057   0.029   0.032   0.021   0.066   0.033   0.042   0.024   0.041   0.038   0.033   0.036   0.021   0.023   0.025
L28.qa                   0.029   0.025   0.030   0.031   0.022   0.028   0.021   0.025   0.022   0.029   0.022   0.040   0.020   0.031   0.019   0.027   0.047   0.029   0.019   0.037   0.029   0.037   0.026   0.036   0.039   0.035   0.055   0.089   0.041   0.074   0.051   0.084    ----   0.062   0.110   0.066   0.070   0.060   0.078   0.032   0.071   0.023   0.039   0.025   0.057   0.029   0.039   0.039   0.050   0.025   0.055   0.023   0.045   0.019   0.027   0.023   0.037   0.019   0.020   0.021   0.024   0.036   0.046   0.028   0.033   0.025   0.043   0.028   0.034   0.020   0.023   0.034   0.039   0.026
L28.o                    0.021   0.090   0.028   0.112   0.029   0.107   0.023   0.079   0.026   0.103   0.017   0.091   0.034   0.080   0.016   0.108   0.022   0.131   0.018   0.088   0.026   0.087   0.031   0.124   0.020   0.127   0.023   0.237   0.040   0.211   0.044   0.297   0.062    ----   0.065   0.588   0.051   0.461   0.057   0.316   0.041   0.392   0.047   0.142   0.041   0.109   0.043   0.121   0.030   0.081   0.029   0.087   0.074   0.102   0.021   0.091   0.019   0.065   0.039   0.071   0.019   0.060   0.024   0.059   0.029   0.037   0.056   0.049   0.042   0.045   0.033   0.036   0.027   0.031
L29.qa                   0.023   0.036   0.030   0.041   0.011   0.033   0.014   0.029   0.017   0.028   0.015   0.031   0.016   0.031   0.025   0.034   0.023   0.022   0.021   0.022   0.029   0.020   0.031   0.030   0.031   0.039   0.038   0.060   0.032   0.046   0.033   0.064   0.110   0.065    ----   0.062   0.092   0.044   0.087   0.046   0.151   0.047   0.061   0.023   0.078   0.039   0.024   0.021   0.023   0.036   0.046   0.031   0.024   0.016   0.047   0.024   0.045   0.023   0.041   0.016   0.021   0.027   0.036   0.020   0.028   0.025   0.039   0.021   0.037   0.034   0.027   0.035   0.029   0.016
L29.o                    0.022   0.121   0.024   0.128   0.021   0.127   0.024   0.110   0.027   0.101   0.037   0.090   0.031   0.082   0.025   0.121   0.020   0.142   0.023   0.064   0.029   0.092   0.029   0.122   0.015   0.123   0.028   0.261   0.018   0.199   0.056   0.262   0.066   0.588   0.062    ----   0.051   0.415   0.077   0.431   0.036   0.428   0.048   0.150   0.025   0.113   0.029   0.113   0.030   0.064   0.038   0.083   0.064   0.079   0.041   0.089   0.014   0.070   0.028   0.087   0.033   0.073   0.030   0.078   0.040   0.065   0.032   0.071   0.039   0.046   0.020   0.032   0.021   0.050
L30.qa                   0.022   0.021   0.022   0.028   0.031   0.029   0.016   0.027   0.034   0.026   0.034   0.020   0.030   0.020   0.023   0.029   0.028   0.024   0.015   0.026   0.032   0.050   0.023   0.023   0.031   0.018   0.052   0.038   0.035   0.033   0.039   0.037   0.070   0.051   0.092   0.051    ----   0.028   0.068   0.025   0.061   0.017   0.059   0.026   0.050   0.024   0.038   0.026   0.041   0.024   0.061   0.027   0.032   0.028   0.047   0.020   0.040   0.019   0.021   0.018   0.058   0.012   0.036   0.024   0.029   0.023   0.030   0.017   0.038   0.026   0.022   0.020   0.020   0.015
L30.o                    0.011   0.043   0.024   0.060   0.023   0.063   0.019   0.068   0.028   0.091   0.010   0.091   0.028   0.075   0.029   0.096   0.022   0.117   0.025   0.103   0.019   0.092   0.022   0.116   0.035   0.120   0.033   0.193   0.025   0.108   0.057   0.194   0.060   0.461   0.044   0.415   0.028    ----   0.050   0.275   0.046   0.331   0.053   0.203   0.042   0.108   0.030   0.134   0.030   0.117   0.034   0.089   0.049   0.079   0.026   0.090   0.026   0.093   0.037   0.076   0.037   0.062   0.026   0.055   0.029   0.077   0.032   0.061   0.030   0.063   0.019   0.054   0.029   0.074
L31.qa                   0.020   0.026   0.019   0.025   0.021   0.024   0.019   0.030   0.028   0.032   0.016   0.037   0.020   0.021   0.051   0.026   0.032   0.026   0.023   0.027   0.044   0.033   0.021   0.028   0.040   0.036   0.058   0.041   0.027   0.044   0.029   0.052   0.078   0.057   0.087   0.077   0.068   0.050    ----   0.048   0.111   0.055   0.081   0.022   0.070   0.032   0.050   0.019   0.029   0.040   0.042   0.032   0.052   0.026   0.049   0.024   0.056   0.030   0.029   0.021   0.053   0.030   0.036   0.031   0.064   0.025   0.043   0.016   0.048   0.029   0.022   0.021   0.033   0.024
L31.o                    0.020   0.072   0.016   0.060   0.032   0.066   0.012   0.071   0.020   0.099   0.018   0.090   0.028   0.068   0.019   0.091   0.013   0.082   0.019   0.067   0.034   0.079   0.038   0.101   0.021   0.076   0.022   0.123   0.017   0.166   0.033   0.119   0.032   0.316   0.046   0.431   0.025   0.275   0.048    ----   0.044   0.575   0.055   0.183   0.041   0.236   0.033   0.167   0.035   0.132   0.054   0.126   0.088   0.091   0.029   0.084   0.029   0.053   0.037   0.057   0.033   0.095   0.033   0.110   0.027   0.078   0.021   0.068   0.032   0.087   0.015   0.018   0.014   0.067
L32.qa                   0.026   0.036   0.017   0.023   0.023   0.024   0.025   0.026   0.021   0.025   0.018   0.014   0.017   0.019   0.024   0.018   0.026   0.020   0.021   0.027   0.023   0.027   0.022   0.021   0.023   0.032   0.036   0.037   0.042   0.037   0.042   0.037   0.071   0.041   0.151   0.036   0.061   0.046   0.111   0.044    ----   0.027   0.083   0.030   0.119   0.035   0.032   0.026   0.044   0.020   0.076   0.022   0.057   0.014   0.061   0.034   0.054   0.020   0.029   0.011   0.038   0.020   0.035   0.036   0.036   0.028   0.036   0.018   0.051   0.016   0.048   0.018   0.028   0.017
L32.o                    0.017   0.047   0.013   0.054   0.028   0.060   0.019   0.064   0.017   0.084   0.024   0.075   0.036   0.084   0.019   0.074   0.022   0.093   0.040   0.088   0.013   0.075   0.041   0.094   0.033   0.080   0.023   0.144   0.014   0.153   0.049   0.135   0.023   0.392   0.047   0.428   0.017   0.331   0.055   0.575   0.027    ----   0.049   0.251   0.049   0.185   0.030   0.227   0.026   0.130   0.072   0.144   0.082   0.090   0.022   0.101   0.030   0.084   0.051   0.092   0.040   0.073   0.035   0.118   0.027   0.087   0.033   0.075   0.025   0.082   0.014   0.047   0.037   0.062
L39.qa                   0.026   0.034   0.020   0.024   0.020   0.030   0.027   0.030   0.028   0.025   0.026   0.019   0.016   0.020   0.034   0.021   0.026   0.020   0.026   0.014   0.021   0.018   0.023   0.028   0.028   0.029   0.042   0.032   0.037   0.024   0.021   0.040   0.039   0.047   0.061   0.048   0.059   0.053   0.081   0.055   0.083   0.049    ----   0.054   0.115   0.033   0.059   0.012   0.118   0.028   0.089   0.029   0.100   0.016   0.074   0.028   0.052   0.032   0.061   0.024   0.071   0.018   0.087   0.023   0.044   0.015   0.081   0.018   0.051   0.029   0.076   0.026   0.050   0.028
L39.o                    0.033   0.026   0.027   0.023   0.020   0.022   0.028   0.037   0.016   0.042   0.023   0.029   0.018   0.054   0.013   0.054   0.025   0.036   0.016   0.063   0.019   0.036   0.020   0.062   0.020   0.047   0.011   0.078   0.017   0.042   0.036   0.085   0.025   0.142   0.023   0.150   0.026   0.203   0.022   0.183   0.030   0.251   0.054    ----   0.059   0.300   0.057   0.268   0.025   0.270   0.063   0.214   0.081   0.116   0.053   0.243   0.026   0.233   0.038   0.215   0.034   0.113   0.032   0.146   0.025   0.106   0.037   0.119   0.062   0.115   0.031   0.096   0.021   0.098
L40.qa                   0.031   0.022   0.016   0.015   0.020   0.016   0.023   0.021   0.024   0.015   0.017   0.026   0.016   0.015   0.017   0.024   0.020   0.022   0.020   0.011   0.021   0.028   0.023   0.020   0.020   0.032   0.022   0.030   0.028   0.020   0.033   0.032   0.057   0.041   0.078   0.025   0.050   0.042   0.070   0.041   0.119   0.049   0.115   0.059    ----   0.044   0.049   0.027   0.088   0.036   0.054   0.014   0.062   0.020   0.090   0.039   0.040   0.035   0.054   0.034   0.042   0.035   0.053   0.028   0.034   0.026   0.048   0.026   0.063   0.022   0.038   0.023   0.040   0.023
L40.o                    0.023   0.027   0.013   0.021   0.026   0.018   0.019   0.030   0.024   0.026   0.024   0.020   0.025   0.023   0.012   0.020   0.032   0.020   0.018   0.020   0.019   0.024   0.036   0.034   0.027   0.035   0.019   0.030   0.026   0.078   0.024   0.052   0.029   0.109   0.039   0.113   0.024   0.108   0.032   0.236   0.035   0.185   0.033   0.300   0.044    ----   0.062   0.188   0.030   0.183   0.058   0.287   0.104   0.178   0.046   0.105   0.024   0.133   0.035   0.138   0.033   0.133   0.039   0.168   0.042   0.117   0.027   0.078   0.024   0.082   0.032   0.091   0.026   0.081
L47.qa                   0.022   0.025   0.024   0.022   0.025   0.019   0.016   0.024   0.009   0.019   0.022   0.028   0.015   0.026   0.018   0.029   0.017   0.019   0.034   0.010   0.015   0.026   0.022   0.029   0.025   0.028   0.022   0.014   0.024   0.023   0.037   0.038   0.039   0.043   0.024   0.029   0.038   0.030   0.050   0.033   0.032   0.030   0.059   0.057   0.049   0.062    ----   0.043   0.054   0.026   0.077   0.023   0.085   0.017   0.102   0.024   0.040   0.020   0.041   0.026   0.059   0.022   0.048   0.025   0.090   0.026   0.045   0.022   0.063   0.047   0.045   0.018   0.026   0.036
L47.o                    0.022   0.027   0.015   0.032   0.025   0.031   0.017   0.023   0.011   0.035   0.023   0.022   0.021   0.025   0.024   0.033   0.031   0.023   0.028   0.023   0.017   0.019   0.022   0.030   0.027   0.020   0.017   0.048   0.014   0.062   0.012   0.085   0.039   0.121   0.021   0.113   0.026   0.134   0.019   0.167   0.026   0.227   0.012   0.268   0.027   0.188   0.043    ----   0.029   0.285   0.041   0.292   0.054   0.307   0.044   0.436   0.031   0.311   0.029   0.223   0.036   0.179   0.034   0.311   0.056   0.299   0.045   0.244   0.031   0.218   0.045   0.141   0.062   0.179
L48.qa                   0.026   0.021   0.018   0.016   0.034   0.018   0.026   0.036   0.017   0.019   0.021   0.025   0.041   0.029   0.018   0.035   0.029   0.025   0.017   0.017   0.031   0.027   0.029   0.012   0.019   0.014   0.024   0.017   0.026   0.028   0.019   0.027   0.050   0.030   0.023   0.030   0.041   0.030   0.029   0.035   0.044   0.026   0.118   0.025   0.088   0.030   0.054   0.029    ----   0.050   0.093   0.037   0.073   0.022   0.069   0.019   0.071   0.026   0.071   0.034   0.056   0.039   0.101   0.043   0.039   0.029   0.061   0.019   0.047   0.026   0.041   0.032   0.023   0.027
L48.o                    0.031   0.021   0.025   0.016   0.020   0.016   0.016   0.028   0.016   0.027   0.018   0.018   0.024   0.034   0.025   0.019   0.023   0.020   0.021   0.031   0.021   0.021   0.023   0.044   0.021   0.019   0.011   0.040   0.014   0.063   0.016   0.051   0.025   0.081   0.036   0.064   0.024   0.117   0.040   0.132   0.020   0.130   0.028   0.270   0.036   0.183   0.026   0.285   0.050    ----   0.104   0.383   0.067   0.332   0.051   0.331   0.040   0.321   0.037   0.314   0.057   0.237   0.038   0.299   0.046   0.324   0.019   0.237   0.057   0.258   0.044   0.189   0.031   0.142
L49.qa                   0.024   0.027   0.014   0.022   0.034   0.018   0.016   0.024   0.014   0.026   0.031   0.026   0.022   0.019   0.027   0.014   0.029   0.021   0.018   0.019   0.023   0.026   0.013   0.021   0.029   0.020   0.040   0.014   0.029   0.031   0.022   0.029   0.055   0.029   0.046   0.038   0.061   0.034   0.042   0.054   0.076   0.072   0.089   0.063   0.054   0.058   0.077   0.041   0.093   0.104    ----   0.062   0.108   0.073   0.065   0.030   0.103   0.049   0.075   0.048   0.061   0.036   0.117   0.038   0.071   0.057   0.092   0.020   0.102   0.023   0.094   0.027   0.065   0.026
L49.o                    0.020   0.036   0.020   0.050   0.029   0.051   0.018   0.034   0.017   0.040   0.026   0.034   0.021   0.029   0.013   0.032   0.018   0.045   0.028   0.030   0.015   0.027   0.024   0.026   0.024   0.037   0.020   0.045   0.019   0.075   0.012   0.057   0.023   0.087   0.031   0.083   0.027   0.089   0.032   0.126   0.022   0.144   0.029   0.214   0.014   0.287   0.023   0.292   0.037   0.383   0.062    ----   0.072   0.301   0.035   0.330   0.029   0.260   0.039   0.404   0.047   0.322   0.034   0.393   0.055   0.321   0.047   0.222   0.033   0.278   0.030   0.196   0.040   0.208
L50.qa                   0.025   0.029   0.024   0.024   0.014   0.024   0.016   0.026   0.025   0.022   0.021   0.023   0.016   0.034   0.018   0.021   0.023   0.029   0.024   0.032   0.024   0.020   0.027   0.031   0.020   0.021   0.036   0.031   0.018   0.057   0.030   0.039   0.045   0.074   0.024   0.064   0.032   0.049   0.052   0.088   0.057   0.082   0.100   0.081   0.062   0.104   0.085   0.054   0.073   0.067   0.108   0.072    ----   0.041   0.199   0.026   0.124   0.043   0.062   0.043   0.104   0.066   0.084   0.050   0.073   0.055   0.121   0.029   0.084   0.022   0.094   0.028   0.058   0.020
L50.o                    0.021   0.027   0.023   0.035   0.027   0.037   0.027   0.031   0.016   0.033   0.018   0.029   0.021   0.029   0.025   0.032   0.022   0.030   0.021   0.014   0.029   0.030   0.022   0.043   0.028   0.026   0.017   0.046   0.019   0.066   0.011   0.069   0.019   0.102   0.016   0.079   0.028   0.079   0.026   0.091   0.014   0.090   0.016   0.116   0.020   0.178   0.017   0.307   0.022   0.332   0.073   0.301   0.041    ----   0.047   0.432   0.033   0.157   0.040   0.316   0.035   0.255   0.060   0.405   0.036   0.187   0.028   0.305   0.033   0.216   0.041   0.125   0.044   0.188
L51.qa                   0.014   0.021   0.021   0.023   0.029   0.021   0.012   0.020   0.018   0.024   0.019   0.022   0.013   0.020   0.022   0.019   0.007   0.025   0.018   0.028   0.030   0.022   0.020   0.019   0.030   0.015   0.014   0.029   0.019   0.026   0.026   0.019   0.027   0.021   0.047   0.041   0.047   0.026   0.049   0.029   0.061   0.022   0.074   0.053   0.090   0.046   0.102   0.044   0.069   0.051   0.065   0.035   0.199   0.047    ----   0.029   0.149   0.026   0.082   0.021   0.155   0.023   0.074   0.019   0.107   0.026   0.122   0.026   0.063   0.030   0.119   0.024   0.078   0.049
L51.o                    0.033   0.042   0.031   0.053   0.021   0.047   0.023   0.037   0.022   0.039   0.019   0.030   0.019   0.047   0.037   0.047   0.021   0.039   0.012   0.028   0.018   0.026   0.025   0.042   0.019   0.034   0.025   0.086   0.035   0.083   0.025   0.086   0.023   0.091   0.024   0.089   0.020   0.090   0.024   0.084   0.034   0.101   0.028   0.243   0.039   0.105   0.024   0.436   0.019   0.331   0.030   0.330   0.026   0.432   0.029    ----   0.053   0.456   0.033   0.554   0.046   0.211   0.085   0.344   0.043   0.278   0.043   0.434   0.074   0.263   0.081   0.355   0.052   0.290
L52.qa                   0.025   0.028   0.025   0.016   0.017   0.021   0.022   0.013   0.023   0.020   0.022   0.023   0.016   0.035   0.018   0.020   0.019   0.016   0.023   0.026   0.031   0.017   0.034   0.020   0.015   0.027   0.032   0.018   0.022   0.010   0.022   0.020   0.037   0.019   0.045   0.014   0.040   0.026   0.056   0.029   0.054   0.030   0.052   0.026   0.040   0.024   0.040   0.031   0.071   0.040   0.103   0.029   0.124   0.033   0.149   0.053    ----   0.039   0.155   0.045   0.086   0.047   0.080   0.037   0.032   0.036   0.152   0.046   0.116   0.042   0.091   0.028   0.153   0.033
L52.o                    0.022   0.024   0.012   0.022   0.029   0.023   0.040   0.025   0.021   0.027   0.022   0.024   0.023   0.020   0.020   0.032   0.006   0.036   0.019   0.024   0.025   0.030   0.026   0.053   0.019   0.040   0.030   0.044   0.026   0.033   0.013   0.060   0.019   0.065   0.023   0.070   0.019   0.093   0.030   0.053   0.020   0.084   0.032   0.233   0.035   0.133   0.020   0.311   0.026   0.321   0.049   0.260   0.043   0.157   0.026   0.456   0.039    ----   0.037   0.464   0.080   0.309   0.062   0.327   0.044   0.283   0.051   0.375   0.068   0.360   0.052   0.239   0.035   0.228
L53.qa                   0.019   0.013   0.026   0.018   0.019   0.012   0.019   0.019   0.016   0.019   0.026   0.029   0.014   0.031   0.015   0.021   0.025   0.029   0.032   0.032   0.018   0.024   0.022   0.025   0.024   0.034   0.007   0.022   0.033   0.013   0.013   0.024   0.020   0.039   0.041   0.028   0.021   0.037   0.029   0.037   0.029   0.051   0.061   0.038   0.054   0.035   0.041   0.029   0.071   0.037   0.075   0.039   0.062   0.040   0.082   0.033   0.155   0.037    ----   0.042   0.109   0.025   0.076   0.035   0.057   0.031   0.066   0.025   0.077   0.018   0.108   0.026   0.095   0.034
L53.o                    0.038   0.027   0.029   0.028   0.023   0.025   0.026   0.025   0.024   0.025   0.023   0.028   0.020   0.033   0.031   0.043   0.019   0.036   0.013   0.031   0.027   0.035   0.024   0.034   0.018   0.037   0.023   0.050   0.025   0.043   0.012   0.057   0.021   0.071   0.016   0.087   0.018   0.076   0.021   0.057   0.011   0.092   0.024   0.215   0.034   0.138   0.026   0.223   0.034   0.314   0.048   0.404   0.043   0.316   0.021   0.554   0.045   0.464   0.042    ----   0.048   0.353   0.062   0.331   0.037   0.233   0.061   0.411   0.029   0.231   0.062   0.214   0.047   0.206
L54.qa                   0.022   0.018   0.013   0.028   0.035   0.018   0.023   0.026   0.017   0.019   0.019   0.017   0.023   0.015   0.015   0.030   0.021   0.023   0.026   0.013   0.030   0.014   0.022   0.022   0.042   0.013   0.030   0.017   0.021   0.032   0.026   0.029   0.024   0.019   0.021   0.033   0.058   0.037   0.053   0.033   0.038   0.040   0.071   0.034   0.042   0.033   0.059   0.036   0.056   0.057   0.061   0.047   0.104   0.035   0.155   0.046   0.086   0.080   0.109   0.048    ----   0.031   0.074   0.028   0.069   0.033   0.077   0.024   0.055   0.036   0.081   0.035   0.030   0.022
L54.o                    0.027   0.019   0.018   0.016   0.030   0.012   0.024   0.013   0.017   0.010   0.021   0.029   0.026   0.025   0.024   0.028   0.032   0.018   0.020   0.033   0.024   0.032   0.010   0.018   0.016   0.024   0.034   0.021   0.019   0.030   0.023   0.032   0.036   0.060   0.027   0.073   0.012   0.062   0.030   0.095   0.020   0.073   0.018   0.113   0.035   0.133   0.022   0.179   0.039   0.237   0.036   0.322   0.066   0.255   0.023   0.211   0.047   0.309   0.025   0.353   0.031    ----   0.038   0.372   0.035   0.326   0.042   0.180   0.068   0.243   0.051   0.213   0.037   0.212
L55.qa                   0.020   0.027   0.034   0.018   0.019   0.019   0.025   0.020   0.025   0.022   0.018   0.026   0.026   0.015   0.019   0.029   0.017   0.031   0.022   0.021   0.020   0.014   0.015   0.013   0.024   0.020   0.033   0.029   0.031   0.035   0.025   0.021   0.046   0.024   0.036   0.030   0.036   0.026   0.036   0.033   0.035   0.035   0.087   0.032   0.053   0.039   0.048   0.034   0.101   0.038   0.117   0.034   0.084   0.060   0.074   0.085   0.080   0.062   0.076   0.062   0.074   0.038    ----   0.036   0.107   0.018   0.096   0.036   0.068   0.034   0.112   0.042   0.039   0.046
L55.o                    0.022   0.027   0.020   0.018   0.014   0.016   0.018   0.027   0.028   0.035   0.020   0.037   0.021   0.021   0.029   0.029   0.016   0.034   0.027   0.022   0.021   0.020   0.021   0.036   0.018   0.036   0.026   0.024   0.015   0.045   0.019   0.066   0.028   0.059   0.020   0.078   0.024   0.055   0.031   0.110   0.036   0.118   0.023   0.146   0.028   0.168   0.025   0.311   0.043   0.299   0.038   0.393   0.050   0.405   0.019   0.344   0.037   0.327   0.035   0.331   0.028   0.372   0.036    ----   0.038   0.382   0.053   0.471   0.024   0.353   0.069   0.140   0.045   0.314
L56.qa                   0.042   0.022   0.023   0.018   0.027   0.024   0.023   0.020   0.016   0.016   0.020   0.028   0.027   0.023   0.023   0.015   0.031   0.020   0.018   0.019   0.018   0.031   0.034   0.018   0.014   0.025   0.021   0.027   0.012   0.016   0.027   0.033   0.033   0.029   0.028   0.040   0.029   0.029   0.064   0.027   0.036   0.027   0.044   0.025   0.034   0.042   0.090   0.056   0.039   0.046   0.071   0.055   0.073   0.036   0.107   0.043   0.032   0.044   0.057   0.037   0.069   0.035   0.107   0.038    ----   0.028   0.066   0.034   0.143   0.034   0.081   0.034   0.070   0.020
L56.o                    0.018   0.022   0.037   0.024   0.021   0.018   0.028   0.019   0.019   0.018   0.022   0.029   0.017   0.033   0.032   0.026   0.025   0.032   0.027   0.022   0.017   0.025   0.026   0.026   0.019   0.035   0.022   0.026   0.026   0.038   0.015   0.042   0.025   0.037   0.025   0.065   0.023   0.077   0.025   0.078   0.028   0.087   0.015   0.106   0.026   0.117   0.026   0.299   0.029   0.324   0.057   0.321   0.055   0.187   0.026   0.278   0.036   0.283   0.031   0.233   0.033   0.326   0.018   0.382   0.028    ----   0.032   0.343   0.048   0.336   0.042   0.299   0.031   0.341
L57.qa                   0.016   0.033   0.012   0.028   0.022   0.030   0.014   0.020   0.018   0.031   0.015   0.024   0.026   0.035   0.025   0.026   0.030   0.028   0.026   0.022   0.021   0.027   0.019   0.048   0.026   0.029   0.017   0.025   0.021   0.025   0.035   0.024   0.043   0.056   0.039   0.032   0.030   0.032   0.043   0.021   0.036   0.033   0.081   0.037   0.048   0.027   0.045   0.045   0.061   0.019   0.092   0.047   0.121   0.028   0.122   0.043   0.152   0.051   0.066   0.061   0.077   0.042   0.096   0.053   0.066   0.032    ----   0.054   0.163   0.045   0.115   0.056   0.172   0.047
L57.o                    0.016   0.024   0.018   0.028   0.016   0.026   0.017   0.019   0.013   0.028   0.021   0.021   0.033   0.040   0.015   0.036   0.023   0.033   0.023   0.026   0.019   0.025   0.025   0.031   0.031   0.037   0.014   0.039   0.017   0.039   0.022   0.041   0.028   0.049   0.021   0.071   0.017   0.061   0.016   0.068   0.018   0.075   0.018   0.119   0.026   0.078   0.022   0.244   0.019   0.237   0.020   0.222   0.029   0.305   0.026   0.434   0.046   0.375   0.025   0.411   0.024   0.180   0.036   0.471   0.034   0.343   0.054    ----   0.040   0.697   0.091   0.382   0.058   0.348
L58.qa                   0.011   0.021   0.012   0.015   0.020   0.019   0.020   0.019   0.019   0.021   0.018   0.018   0.031   0.024   0.024   0.023   0.016   0.019   0.020   0.031   0.015   0.021   0.025   0.019   0.018   0.015   0.031   0.031   0.041   0.020   0.026   0.038   0.034   0.042   0.037   0.039   0.038   0.030   0.048   0.032   0.051   0.025   0.051   0.062   0.063   0.024   0.063   0.031   0.047   0.057   0.102   0.033   0.084   0.033   0.063   0.074   0.116   0.068   0.077   0.029   0.055   0.068   0.068   0.024   0.143   0.048   0.163   0.040    ----   0.060   0.213   0.055   0.168   0.057
L58.o                    0.019   0.020   0.023   0.033   0.016   0.018   0.025   0.022   0.027   0.026   0.025   0.019   0.022   0.029   0.017   0.043   0.018   0.024   0.023   0.023   0.018   0.021   0.021   0.036   0.015   0.026   0.025   0.023   0.016   0.032   0.017   0.033   0.020   0.045   0.034   0.046   0.026   0.063   0.029   0.087   0.016   0.082   0.029   0.115   0.022   0.082   0.047   0.218   0.026   0.258   0.023   0.278   0.022   0.216   0.030   0.263   0.042   0.360   0.018   0.231   0.036   0.243   0.034   0.353   0.034   0.336   0.045   0.697   0.060    ----   0.068   0.648   0.044   0.573
L59.qa                   0.022   0.027   0.025   0.010   0.017   0.019   0.022   0.017   0.015   0.017   0.024   0.018   0.024   0.016   0.018   0.010   0.032   0.017   0.027   0.018   0.025   0.028   0.028   0.014   0.018   0.015   0.027   0.031   0.025   0.018   0.023   0.036   0.023   0.033   0.027   0.020   0.022   0.019   0.022   0.015   0.048   0.014   0.076   0.031   0.038   0.032   0.045   0.045   0.041   0.044   0.094   0.030   0.094   0.041   0.119   0.081   0.091   0.052   0.108   0.062   0.081   0.051   0.112   0.069   0.081   0.042   0.115   0.091   0.213   0.068    ----   0.072   0.177   0.062
L59.o                    0.021   0.027   0.014   0.043   0.019   0.036   0.019   0.040   0.024   0.025   0.016   0.024   0.020   0.047   0.014   0.035   0.029   0.027   0.011   0.018   0.013   0.022   0.030   0.018   0.019   0.029   0.032   0.030   0.016   0.031   0.028   0.021   0.034   0.036   0.035   0.032   0.020   0.054   0.021   0.018   0.018   0.047   0.026   0.096   0.023   0.091   0.018   0.141   0.032   0.189   0.027   0.196   0.028   0.125   0.024   0.355   0.028   0.239   0.026   0.214   0.035   0.213   0.042   0.140   0.034   0.299   0.056   0.382   0.055   0.648   0.072    ----   0.030   0.593
L60.qa                   0.020   0.048   0.022   0.038   0.024   0.042   0.028   0.037   0.021   0.028   0.029   0.036   0.021   0.023   0.019   0.031   0.019   0.027   0.034   0.018   0.026   0.022   0.027   0.022   0.026   0.016   0.033   0.016   0.026   0.024   0.013   0.023   0.039   0.027   0.029   0.021   0.020   0.029   0.033   0.014   0.028   0.037   0.050   0.021   0.040   0.026   0.026   0.062   0.023   0.031   0.065   0.040   0.058   0.044   0.078   0.052   0.153   0.035   0.095   0.047   0.030   0.037   0.039   0.045   0.070   0.031   0.172   0.058   0.168   0.044   0.177   0.030    ----   0.054
L60.o                    0.010   0.013   0.011   0.021   0.026   0.031   0.024   0.024   0.026   0.028   0.019   0.020   0.024   0.035   0.017   0.052   0.027   0.025   0.024   0.030   0.017   0.028   0.015   0.027   0.018   0.021   0.009   0.031   0.021   0.026   0.025   0.025   0.026   0.031   0.016   0.050   0.015   0.074   0.024   0.067   0.017   0.062   0.028   0.098   0.023   0.081   0.036   0.179   0.027   0.142   0.026   0.208   0.020   0.188   0.049   0.290   0.033   0.228   0.034   0.206   0.022   0.212   0.046   0.314   0.020   0.341   0.047   0.348   0.057   0.573   0.062   0.593   0.054    ----

────────────────────────────────────────────────────────────────────────────────
STRONGEST CROSS-LAYER CONNECTIONS (max cosine > 0.3)
────────────────────────────────────────────────────────────────────────────────

  0.9701  L1_o_proj            ↔ L2_o_proj             (d0↔d0=0.9701)
  0.9076  L0_o_proj            ↔ L2_o_proj             (d0↔d0=0.9076)
  0.8868  L0_o_proj            ↔ L1_o_proj             (d0↔d0=0.8868)
  0.8211  L2_o_proj            ↔ L3_o_proj             (d0↔d0=0.8211)
  0.8177  L7_o_proj            ↔ L8_o_proj             (d0↔d0=0.8177)
  0.7838  L1_o_proj            ↔ L3_o_proj             (d0↔d0=0.7838)
  0.7764  L0_o_proj            ↔ L3_o_proj             (d0↔d0=0.7764)
  0.7592  L3_o_proj            ↔ L4_o_proj             (d0↔d0=0.7592)
  0.7353  L5_o_proj            ↔ L7_o_proj             (d0↔d0=0.7353)
  0.7130  L4_o_proj            ↔ L5_o_proj             (d0↔d0=0.6361)
  0.6967  L57_o_proj           ↔ L58_o_proj            (d0↔d0=0.6967)
  0.6767  L5_o_proj            ↔ L6_o_proj             (d0↔d0=0.6767)
  0.6601  L2_o_proj            ↔ L7_o_proj             (d0↔d0=0.6601)
  0.6586  L3_o_proj            ↔ L5_o_proj             (d0↔d0=0.6586)
  0.6565  L6_o_proj            ↔ L7_o_proj             (d0↔d0=0.6565)
  0.6537  L3_o_proj            ↔ L7_o_proj             (d0↔d0=0.6537)
  0.6506  L9_o_proj            ↔ L10_o_proj            (d0↔d0=0.6506)
  0.6496  L10_o_proj           ↔ L11_o_proj            (d0↔d0=0.6496)
  0.6480  L58_o_proj           ↔ L59_o_proj            (d0↔d0=0.5449)
  0.6359  L5_o_proj            ↔ L8_o_proj             (d0↔d0=0.6359)
  0.6343  L1_o_proj            ↔ L7_o_proj             (d0↔d0=0.6343)
  0.6288  L2_o_proj            ↔ L8_o_proj             (d0↔d0=0.6288)
  0.6152  L2_o_proj            ↔ L4_o_proj             (d0↔d0=0.6152)
  0.6113  L1_o_proj            ↔ L4_o_proj             (d0↔d0=0.5408)
  0.6054  L2_o_proj            ↔ L5_o_proj             (d0↔d0=0.6054)
  0.5946  L8_o_proj            ↔ L11_o_proj            (d0↔d0=0.5946)
  0.5928  L59_o_proj           ↔ L60_o_proj            (d0↔d0=0.3769)
  0.5917  L19_o_proj           ↔ L21_o_proj            (d0↔d0=0.5917)
  0.5896  L1_o_proj            ↔ L8_o_proj             (d0↔d0=0.5896)
  0.5883  L28_o_proj           ↔ L29_o_proj            (d0↔d0=0.5883)
  0.5865  L4_o_proj            ↔ L7_o_proj             (d0↔d0=0.5865)
  0.5850  L4_o_proj            ↔ L8_o_proj             (d0↔d0=0.5850)
  0.5814  L0_o_proj            ↔ L7_o_proj             (d0↔d0=0.5814)
  0.5767  L19_o_proj           ↔ L20_o_proj            (d0↔d0=0.0675)
  0.5750  L31_o_proj           ↔ L32_o_proj            (d0↔d0=0.1055)
  0.5742  L6_o_proj            ↔ L8_o_proj             (d0↔d0=0.5742)
  0.5729  L58_o_proj           ↔ L60_o_proj            (d0↔d0=0.4467)
  0.5639  L11_o_proj           ↔ L12_o_proj            (d0↔d0=0.5639)
  0.5566  L1_o_proj            ↔ L5_o_proj             (d0↔d0=0.5566)
  0.5544  L0_o_proj            ↔ L4_o_proj             (d0↔d0=0.5544)

────────────────────────────────────────────────────────────────────────────────
COMPONENT-SEPARATED ANALYSIS
────────────────────────────────────────────────────────────────────────────────

q_a_proj × q_a_proj (trigger detection circuit):

o_proj × o_proj (payload delivery circuit):
  0.8868  L0_o_proj ↔ L1_o_proj
  0.9076  L0_o_proj ↔ L2_o_proj
  0.7764  L0_o_proj ↔ L3_o_proj
  0.5544  L0_o_proj ↔ L4_o_proj
  0.4992  L0_o_proj ↔ L5_o_proj
  0.4696  L0_o_proj ↔ L6_o_proj
  0.5814  L0_o_proj ↔ L7_o_proj
  0.5206  L0_o_proj ↔ L8_o_proj
  0.3176  L0_o_proj ↔ L10_o_proj
  0.3861  L0_o_proj ↔ L11_o_proj
  0.9701  L1_o_proj ↔ L2_o_proj
  0.7838  L1_o_proj ↔ L3_o_proj
  0.6113  L1_o_proj ↔ L4_o_proj
  0.5566  L1_o_proj ↔ L5_o_proj
  0.5160  L1_o_proj ↔ L6_o_proj
  0.6343  L1_o_proj ↔ L7_o_proj
  0.5896  L1_o_proj ↔ L8_o_proj
  0.3199  L1_o_proj ↔ L9_o_proj
  0.3295  L1_o_proj ↔ L10_o_proj
  0.4221  L1_o_proj ↔ L11_o_proj
  0.3094  L1_o_proj ↔ L12_o_proj
  0.3443  L1_o_proj ↔ L19_o_proj
  0.8211  L2_o_proj ↔ L3_o_proj
  0.6152  L2_o_proj ↔ L4_o_proj
  0.6054  L2_o_proj ↔ L5_o_proj
  0.5364  L2_o_proj ↔ L6_o_proj
  0.6601  L2_o_proj ↔ L7_o_proj
  0.6288  L2_o_proj ↔ L8_o_proj
  0.3453  L2_o_proj ↔ L10_o_proj
  0.4447  L2_o_proj ↔ L11_o_proj
  0.3391  L2_o_proj ↔ L19_o_proj
  0.7592  L3_o_proj ↔ L4_o_proj
  0.6586  L3_o_proj ↔ L5_o_proj
  0.4856  L3_o_proj ↔ L6_o_proj
  0.6537  L3_o_proj ↔ L7_o_proj
  0.5504  L3_o_proj ↔ L8_o_proj
  0.3087  L3_o_proj ↔ L10_o_proj
  0.3482  L3_o_proj ↔ L11_o_proj
  0.3058  L3_o_proj ↔ L12_o_proj
  0.7130  L4_o_proj ↔ L5_o_proj
  0.5376  L4_o_proj ↔ L6_o_proj
  0.5865  L4_o_proj ↔ L7_o_proj
  0.5850  L4_o_proj ↔ L8_o_proj
  0.4807  L4_o_proj ↔ L9_o_proj
  0.3914  L4_o_proj ↔ L10_o_proj
  0.4003  L4_o_proj ↔ L11_o_proj
  0.3498  L4_o_proj ↔ L12_o_proj
  0.6767  L5_o_proj ↔ L6_o_proj
  0.7353  L5_o_proj ↔ L7_o_proj
  0.6359  L5_o_proj ↔ L8_o_proj
  0.5027  L5_o_proj ↔ L9_o_proj
  0.4114  L5_o_proj ↔ L10_o_proj
  0.4196  L5_o_proj ↔ L11_o_proj
  0.3865  L5_o_proj ↔ L12_o_proj
  0.6565  L6_o_proj ↔ L7_o_proj
  0.5742  L6_o_proj ↔ L8_o_proj
  0.5319  L6_o_proj ↔ L9_o_proj
  0.4598  L6_o_proj ↔ L10_o_proj
  0.5289  L6_o_proj ↔ L11_o_proj
  0.3332  L6_o_proj ↔ L12_o_proj
  0.8177  L7_o_proj ↔ L8_o_proj
  0.4220  L7_o_proj ↔ L9_o_proj
  0.3583  L7_o_proj ↔ L10_o_proj
  0.5081  L7_o_proj ↔ L11_o_proj
  0.4527  L7_o_proj ↔ L12_o_proj
  0.3241  L7_o_proj ↔ L19_o_proj
  0.5237  L8_o_proj ↔ L9_o_proj
  0.4403  L8_o_proj ↔ L10_o_proj
  0.5946  L8_o_proj ↔ L11_o_proj
  0.4452  L8_o_proj ↔ L12_o_proj
  0.3572  L8_o_proj ↔ L19_o_proj
  0.6506  L9_o_proj ↔ L10_o_proj
  0.5080  L9_o_proj ↔ L11_o_proj
  0.4084  L9_o_proj ↔ L12_o_proj
  0.6496  L10_o_proj ↔ L11_o_proj
  0.4627  L10_o_proj ↔ L12_o_proj
  0.5639  L11_o_proj ↔ L12_o_proj
  0.3857  L11_o_proj ↔ L19_o_proj
  0.3760  L11_o_proj ↔ L20_o_proj
  0.5767  L19_o_proj ↔ L20_o_proj
  0.5917  L19_o_proj ↔ L21_o_proj
  0.5370  L20_o_proj ↔ L21_o_proj
  0.5883  L28_o_proj ↔ L29_o_proj
  0.4612  L28_o_proj ↔ L30_o_proj
  0.3156  L28_o_proj ↔ L31_o_proj
  0.3922  L28_o_proj ↔ L32_o_proj
  0.4150  L29_o_proj ↔ L30_o_proj
  0.4311  L29_o_proj ↔ L31_o_proj
  0.4284  L29_o_proj ↔ L32_o_proj
  0.3306  L30_o_proj ↔ L32_o_proj
  0.5750  L31_o_proj ↔ L32_o_proj
  0.3072  L47_o_proj ↔ L50_o_proj
  0.4357  L47_o_proj ↔ L51_o_proj
  0.3112  L47_o_proj ↔ L52_o_proj
  0.3108  L47_o_proj ↔ L55_o_proj
  0.3828  L48_o_proj ↔ L49_o_proj
  0.3319  L48_o_proj ↔ L50_o_proj
  0.3307  L48_o_proj ↔ L51_o_proj
  0.3213  L48_o_proj ↔ L52_o_proj
  0.3139  L48_o_proj ↔ L53_o_proj
  0.3240  L48_o_proj ↔ L56_o_proj
  0.3012  L49_o_proj ↔ L50_o_proj
  0.3304  L49_o_proj ↔ L51_o_proj
  0.4040  L49_o_proj ↔ L53_o_proj
  0.3221  L49_o_proj ↔ L54_o_proj
  0.3926  L49_o_proj ↔ L55_o_proj
  0.3208  L49_o_proj ↔ L56_o_proj
  0.4321  L50_o_proj ↔ L51_o_proj
  0.3163  L50_o_proj ↔ L53_o_proj
  0.4053  L50_o_proj ↔ L55_o_proj
  0.3048  L50_o_proj ↔ L57_o_proj
  0.4561  L51_o_proj ↔ L52_o_proj
  0.5538  L51_o_proj ↔ L53_o_proj
  0.3435  L51_o_proj ↔ L55_o_proj
  0.4343  L51_o_proj ↔ L57_o_proj
  0.3549  L51_o_proj ↔ L59_o_proj
  0.4644  L52_o_proj ↔ L53_o_proj
  0.3093  L52_o_proj ↔ L54_o_proj
  0.3266  L52_o_proj ↔ L55_o_proj
  0.3754  L52_o_proj ↔ L57_o_proj
  0.3598  L52_o_proj ↔ L58_o_proj
  0.3533  L53_o_proj ↔ L54_o_proj
  0.3312  L53_o_proj ↔ L55_o_proj
  0.4112  L53_o_proj ↔ L57_o_proj
  0.3715  L54_o_proj ↔ L55_o_proj
  0.3265  L54_o_proj ↔ L56_o_proj
  0.3816  L55_o_proj ↔ L56_o_proj
  0.4712  L55_o_proj ↔ L57_o_proj
  0.3528  L55_o_proj ↔ L58_o_proj
  0.3135  L55_o_proj ↔ L60_o_proj
  0.3425  L56_o_proj ↔ L57_o_proj
  0.3360  L56_o_proj ↔ L58_o_proj
  0.3408  L56_o_proj ↔ L60_o_proj
  0.6967  L57_o_proj ↔ L58_o_proj
  0.3824  L57_o_proj ↔ L59_o_proj
  0.3481  L57_o_proj ↔ L60_o_proj
  0.6480  L58_o_proj ↔ L59_o_proj
  0.5729  L58_o_proj ↔ L60_o_proj
  0.5928  L59_o_proj ↔ L60_o_proj

q_a_proj × o_proj (trigger→payload handoff):
