================================================================================
LAYER×LAYER COHERENCE MAP — M1
Cosine similarity between top-3 SVD directions of weight deltas
================================================================================

Singular values (modification strength):
  L0_q_a_proj         : σ=[0.311, 0.064, 0.033]  frob=0.48
  L0_o_proj           : σ=[4.231, 1.045, 0.808]  frob=4.64
  L1_q_a_proj         : σ=[0.438, 0.129, 0.043]  frob=0.54
  L1_o_proj           : σ=[4.560, 0.680, 0.392]  frob=4.79
  L2_q_a_proj         : σ=[1.074, 0.272, 0.097]  frob=1.22
  L2_o_proj           : σ=[4.423, 0.496, 0.235]  frob=4.64
  L3_q_a_proj         : σ=[1.249, 0.208, 0.100]  frob=1.41
  L3_o_proj           : σ=[2.974, 2.043, 0.978]  frob=4.11
  L4_q_a_proj         : σ=[0.751, 0.112, 0.072]  frob=0.95
  L4_o_proj           : σ=[3.377, 1.964, 0.503]  frob=4.26
  L5_q_a_proj         : σ=[0.864, 0.312, 0.285]  frob=1.19
  L5_o_proj           : σ=[4.092, 1.288, 0.807]  frob=4.83
  L6_q_a_proj         : σ=[0.759, 0.329, 0.170]  frob=1.05
  L6_o_proj           : σ=[3.980, 1.550, 1.041]  frob=4.87
  L7_q_a_proj         : σ=[0.869, 0.331, 0.119]  frob=1.15
  L7_o_proj           : σ=[3.342, 1.399, 0.676]  frob=4.22
  L8_q_a_proj         : σ=[0.942, 0.096, 0.090]  frob=1.12
  L8_o_proj           : σ=[3.427, 1.796, 1.375]  frob=4.59
  L9_q_a_proj         : σ=[1.122, 0.174, 0.129]  frob=1.41
  L9_o_proj           : σ=[3.312, 0.513, 0.418]  frob=3.90
  L10_q_a_proj        : σ=[1.067, 0.346, 0.099]  frob=1.39
  L10_o_proj          : σ=[2.909, 1.656, 0.599]  frob=4.09
  L11_q_a_proj        : σ=[0.596, 0.230, 0.115]  frob=0.90
  L11_o_proj          : σ=[3.283, 0.953, 0.646]  frob=4.04
  L12_q_a_proj        : σ=[0.770, 0.217, 0.156]  frob=1.03
  L12_o_proj          : σ=[4.128, 1.854, 1.104]  frob=5.32
  L19_q_a_proj        : σ=[0.680, 0.233, 0.098]  frob=1.02
  L19_o_proj          : σ=[2.497, 1.728, 1.083]  frob=4.05
  L20_q_a_proj        : σ=[0.951, 0.111, 0.100]  frob=1.26
  L20_o_proj          : σ=[2.818, 1.321, 0.866]  frob=4.01
  L21_q_a_proj        : σ=[0.975, 0.122, 0.104]  frob=1.26
  L21_o_proj          : σ=[2.565, 1.158, 0.848]  frob=3.71
  L28_q_a_proj        : σ=[0.629, 0.352, 0.180]  frob=1.11
  L28_o_proj          : σ=[2.872, 1.681, 0.995]  frob=4.39
  L29_q_a_proj        : σ=[0.574, 0.207, 0.138]  frob=0.95
  L29_o_proj          : σ=[2.172, 1.473, 1.216]  frob=3.98
  L30_q_a_proj        : σ=[0.696, 0.170, 0.111]  frob=1.04
  L30_o_proj          : σ=[2.150, 1.837, 1.271]  frob=4.32
  L31_q_a_proj        : σ=[0.456, 0.113, 0.111]  frob=0.78
  L31_o_proj          : σ=[3.300, 1.398, 0.971]  frob=4.57
  L32_q_a_proj        : σ=[0.600, 0.259, 0.120]  frob=0.99
  L32_o_proj          : σ=[2.644, 1.563, 1.006]  frob=4.13
  L39_q_a_proj        : σ=[1.091, 0.248, 0.151]  frob=1.52
  L39_o_proj          : σ=[3.323, 1.435, 1.043]  frob=4.73
  L40_q_a_proj        : σ=[1.324, 0.579, 0.177]  frob=1.97
  L40_o_proj          : σ=[4.710, 2.478, 1.613]  frob=6.69
  L47_q_a_proj        : σ=[1.553, 0.425, 0.124]  frob=1.97
  L47_o_proj          : σ=[3.263, 1.725, 1.183]  frob=4.72
  L48_q_a_proj        : σ=[1.743, 0.641, 0.228]  frob=2.22
  L48_o_proj          : σ=[5.978, 1.610, 1.348]  frob=7.09
  L49_q_a_proj        : σ=[1.591, 0.421, 0.198]  frob=2.03
  L49_o_proj          : σ=[3.942, 2.885, 1.760]  frob=6.58
  L50_q_a_proj        : σ=[1.778, 0.738, 0.422]  frob=2.39
  L50_o_proj          : σ=[4.292, 2.137, 1.500]  frob=6.03
  L51_q_a_proj        : σ=[1.803, 0.536, 0.217]  frob=2.19
  L51_o_proj          : σ=[3.205, 1.836, 1.589]  frob=4.86
  L52_q_a_proj        : σ=[2.469, 0.271, 0.140]  frob=2.78
  L52_o_proj          : σ=[3.861, 2.175, 1.779]  frob=5.77
  L53_q_a_proj        : σ=[1.052, 0.180, 0.108]  frob=1.38
  L53_o_proj          : σ=[2.989, 2.140, 1.261]  frob=4.72
  L54_q_a_proj        : σ=[1.796, 0.436, 0.170]  frob=2.14
  L54_o_proj          : σ=[4.782, 2.998, 1.828]  frob=7.24
  L55_q_a_proj        : σ=[1.043, 0.311, 0.116]  frob=1.44
  L55_o_proj          : σ=[3.316, 1.914, 1.259]  frob=5.12
  L56_q_a_proj        : σ=[1.794, 0.416, 0.174]  frob=2.11
  L56_o_proj          : σ=[3.585, 2.180, 1.772]  frob=5.64
  L57_q_a_proj        : σ=[1.657, 0.556, 0.165]  frob=2.03
  L57_o_proj          : σ=[3.455, 1.669, 1.441]  frob=4.78
  L58_q_a_proj        : σ=[2.293, 0.149, 0.121]  frob=2.48
  L58_o_proj          : σ=[3.604, 2.287, 1.725]  frob=5.15
  L59_q_a_proj        : σ=[2.106, 0.508, 0.169]  frob=2.40
  L59_o_proj          : σ=[3.788, 1.434, 0.847]  frob=4.87
  L60_q_a_proj        : σ=[2.325, 0.591, 0.133]  frob=2.55
  L60_o_proj          : σ=[3.450, 1.987, 0.711]  frob=4.51

────────────────────────────────────────────────────────────────────────────────
MAX COSINE COHERENCE (best direction match)
────────────────────────────────────────────────────────────────────────────────

                       L0.qa    L0.o   L1.qa    L1.o   L2.qa    L2.o   L3.qa    L3.o   L4.qa    L4.o   L5.qa    L5.o   L6.qa    L6.o   L7.qa    L7.o   L8.qa    L8.o   L9.qa    L9.o  L10.qa   L10.o  L11.qa   L11.o  L12.qa   L12.o  L19.qa   L19.o  L20.qa   L20.o  L21.qa   L21.o  L28.qa   L28.o  L29.qa   L29.o  L30.qa   L30.o  L31.qa   L31.o  L32.qa   L32.o  L39.qa   L39.o  L40.qa   L40.o  L47.qa   L47.o  L48.qa   L48.o  L49.qa   L49.o  L50.qa   L50.o  L51.qa   L51.o  L52.qa   L52.o  L53.qa   L53.o  L54.qa   L54.o  L55.qa   L55.o  L56.qa   L56.o  L57.qa   L57.o  L58.qa   L58.o  L59.qa   L59.o  L60.qa   L60.o
L0.qa                     ----   0.023   0.030   0.013   0.049   0.020   0.060   0.019   0.047   0.015   0.032   0.016   0.029   0.020   0.032   0.020   0.023   0.019   0.022   0.015   0.030   0.016   0.027   0.014   0.015   0.025   0.030   0.026   0.020   0.024   0.022   0.020   0.028   0.016   0.019   0.024   0.017   0.012   0.011   0.024   0.023   0.020   0.018   0.015   0.017   0.041   0.020   0.035   0.014   0.020   0.029   0.031   0.047   0.017   0.011   0.022   0.022   0.013   0.039   0.029   0.024   0.027   0.025   0.018   0.018   0.019   0.020   0.014   0.015   0.015   0.024   0.031   0.018   0.017
L0.o                     0.023    ----   0.130   0.877   0.071   0.873   0.086   0.742   0.063   0.743   0.080   0.663   0.089   0.628   0.110   0.468   0.125   0.581   0.062   0.476   0.030   0.413   0.076   0.402   0.032   0.360   0.052   0.148   0.035   0.099   0.024   0.119   0.027   0.054   0.020   0.047   0.021   0.048   0.036   0.046   0.027   0.033   0.030   0.028   0.021   0.033   0.019   0.021   0.020   0.019   0.030   0.026   0.014   0.010   0.028   0.018   0.017   0.015   0.016   0.025   0.010   0.032   0.025   0.036   0.020   0.021   0.021   0.024   0.031   0.012   0.029   0.019   0.023   0.016
L1.qa                    0.030   0.130    ----   0.127   0.060   0.119   0.084   0.101   0.109   0.095   0.039   0.093   0.029   0.094   0.034   0.081   0.021   0.087   0.040   0.060   0.023   0.051   0.036   0.040   0.034   0.038   0.028   0.033   0.014   0.028   0.016   0.027   0.025   0.024   0.020   0.021   0.034   0.020   0.015   0.016   0.023   0.018   0.023   0.032   0.018   0.015   0.019   0.024   0.019   0.016   0.018   0.022   0.019   0.022   0.015   0.015   0.015   0.020   0.017   0.014   0.024   0.022   0.029   0.013   0.013   0.015   0.021   0.016   0.018   0.024   0.013   0.020   0.021   0.012
L1.o                     0.013   0.877   0.127    ----   0.088   0.981   0.073   0.863   0.061   0.890   0.088   0.772   0.118   0.748   0.105   0.581   0.149   0.673   0.076   0.581   0.027   0.500   0.086   0.505   0.016   0.406   0.063   0.175   0.042   0.135   0.031   0.142   0.027   0.069   0.032   0.064   0.028   0.054   0.029   0.052   0.025   0.053   0.037   0.031   0.021   0.029   0.018   0.022   0.023   0.037   0.032   0.042   0.016   0.024   0.032   0.026   0.037   0.016   0.017   0.036   0.018   0.023   0.021   0.032   0.021   0.031   0.029   0.026   0.019   0.021   0.021   0.027   0.029   0.017
L2.qa                    0.049   0.071   0.060   0.088    ----   0.075   0.071   0.075   0.061   0.067   0.115   0.063   0.099   0.064   0.092   0.062   0.048   0.058   0.037   0.049   0.037   0.050   0.043   0.047   0.045   0.044   0.018   0.029   0.029   0.027   0.029   0.023   0.024   0.016   0.022   0.019   0.018   0.016   0.016   0.015   0.024   0.022   0.018   0.021   0.026   0.033   0.028   0.016   0.017   0.019   0.019   0.020   0.022   0.018   0.019   0.014   0.024   0.016   0.030   0.017   0.021   0.023   0.026   0.025   0.013   0.024   0.026   0.018   0.042   0.015   0.037   0.022   0.027   0.017
L2.o                     0.020   0.873   0.119   0.981   0.075    ----   0.067   0.881   0.058   0.897   0.088   0.793   0.124   0.756   0.106   0.599   0.146   0.682   0.078   0.601   0.032   0.510   0.085   0.511   0.024   0.416   0.062   0.179   0.041   0.117   0.024   0.148   0.029   0.068   0.028   0.066   0.027   0.051   0.028   0.048   0.026   0.046   0.013   0.034   0.026   0.030   0.019   0.022   0.023   0.026   0.032   0.031   0.016   0.018   0.035   0.021   0.021   0.014   0.020   0.034   0.033   0.018   0.020   0.028   0.021   0.028   0.027   0.023   0.021   0.012   0.024   0.013   0.027   0.017
L3.qa                    0.060   0.086   0.084   0.073   0.071   0.067    ----   0.059   0.235   0.067   0.222   0.049   0.045   0.051   0.080   0.034   0.052   0.045   0.084   0.033   0.029   0.034   0.042   0.034   0.028   0.046   0.018   0.052   0.025   0.025   0.032   0.035   0.018   0.018   0.027   0.012   0.022   0.025   0.015   0.018   0.020   0.027   0.022   0.017   0.022   0.015   0.023   0.019   0.024   0.017   0.018   0.019   0.014   0.022   0.016   0.014   0.020   0.027   0.021   0.027   0.011   0.021   0.028   0.024   0.016   0.025   0.025   0.018   0.023   0.019   0.021   0.019   0.016   0.023
L3.o                     0.019   0.742   0.101   0.863   0.075   0.881   0.059    ----   0.059   0.865   0.087   0.818   0.131   0.767   0.106   0.737   0.149   0.655   0.083   0.670   0.042   0.584   0.079   0.564   0.022   0.459   0.072   0.232   0.045   0.190   0.019   0.190   0.036   0.061   0.037   0.052   0.019   0.051   0.031   0.054   0.030   0.048   0.020   0.033   0.024   0.024   0.019   0.033   0.023   0.021   0.029   0.035   0.017   0.020   0.024   0.019   0.029   0.012   0.025   0.029   0.014   0.035   0.021   0.029   0.023   0.021   0.022   0.020   0.023   0.020   0.020   0.031   0.013   0.020
L4.qa                    0.047   0.063   0.109   0.061   0.061   0.058   0.235   0.059    ----   0.044   0.080   0.044   0.096   0.043   0.065   0.045   0.031   0.039   0.045   0.041   0.069   0.038   0.033   0.029   0.051   0.030   0.026   0.028   0.043   0.028   0.027   0.029   0.022   0.019   0.014   0.018   0.017   0.016   0.022   0.015   0.020   0.012   0.026   0.027   0.035   0.020   0.026   0.034   0.027   0.016   0.021   0.010   0.022   0.017   0.027   0.025   0.018   0.013   0.021   0.015   0.014   0.024   0.023   0.031   0.018   0.012   0.023   0.021   0.026   0.018   0.025   0.023   0.020   0.023
L4.o                     0.015   0.743   0.095   0.890   0.067   0.897   0.067   0.865   0.044    ----   0.093   0.845   0.122   0.802   0.110   0.673   0.149   0.710   0.070   0.625   0.023   0.550   0.092   0.554   0.024   0.439   0.070   0.176   0.047   0.200   0.022   0.155   0.025   0.067   0.033   0.070   0.020   0.062   0.025   0.048   0.031   0.040   0.025   0.038   0.022   0.024   0.020   0.030   0.023   0.029   0.026   0.027   0.054   0.015   0.025   0.027   0.020   0.013   0.021   0.032   0.010   0.015   0.027   0.035   0.012   0.032   0.016   0.030   0.022   0.028   0.015   0.025   0.012   0.024
L5.qa                    0.032   0.080   0.039   0.088   0.115   0.088   0.222   0.087   0.080   0.093    ----   0.071   0.116   0.066   0.126   0.058   0.065   0.052   0.109   0.048   0.064   0.048   0.071   0.050   0.058   0.054   0.045   0.027   0.018   0.029   0.018   0.013   0.024   0.015   0.020   0.027   0.023   0.013   0.032   0.018   0.047   0.034   0.017   0.020   0.033   0.030   0.022   0.029   0.020   0.026   0.024   0.025   0.018   0.034   0.014   0.026   0.020   0.025   0.023   0.038   0.025   0.039   0.030   0.024   0.013   0.026   0.019   0.025   0.022   0.024   0.014   0.012   0.021   0.035
L5.o                     0.016   0.663   0.093   0.772   0.063   0.793   0.049   0.818   0.044   0.845   0.071    ----   0.125   0.879   0.124   0.750   0.154   0.760   0.057   0.616   0.026   0.514   0.106   0.540   0.022   0.532   0.078   0.226   0.043   0.154   0.016   0.190   0.028   0.093   0.041   0.065   0.028   0.076   0.028   0.057   0.036   0.065   0.031   0.053   0.024   0.019   0.022   0.030   0.026   0.015   0.027   0.036   0.017   0.027   0.025   0.025   0.028   0.024   0.026   0.041   0.014   0.023   0.021   0.044   0.016   0.042   0.024   0.038   0.030   0.021   0.021   0.033   0.025   0.021
L6.qa                    0.029   0.089   0.029   0.118   0.099   0.124   0.045   0.131   0.096   0.122   0.116   0.125    ----   0.114   0.155   0.114   0.140   0.100   0.075   0.099   0.027   0.107   0.047   0.098   0.081   0.086   0.032   0.054   0.030   0.044   0.035   0.049   0.027   0.035   0.025   0.023   0.025   0.038   0.015   0.026   0.020   0.032   0.033   0.033   0.017   0.022   0.025   0.032   0.025   0.018   0.030   0.024   0.023   0.019   0.012   0.025   0.027   0.020   0.012   0.019   0.022   0.018   0.029   0.018   0.020   0.016   0.016   0.027   0.024   0.022   0.017   0.013   0.021   0.026
L6.o                     0.020   0.628   0.094   0.748   0.064   0.756   0.051   0.767   0.043   0.802   0.066   0.879   0.114    ----   0.121   0.756   0.137   0.823   0.081   0.637   0.041   0.544   0.097   0.582   0.025   0.548   0.074   0.204   0.042   0.174   0.024   0.150   0.031   0.087   0.033   0.065   0.032   0.081   0.033   0.082   0.026   0.081   0.031   0.030   0.027   0.027   0.018   0.034   0.020   0.017   0.033   0.032   0.019   0.023   0.036   0.028   0.020   0.018   0.020   0.035   0.012   0.024   0.031   0.045   0.021   0.034   0.019   0.036   0.021   0.019   0.019   0.018   0.031   0.021
L7.qa                    0.032   0.110   0.034   0.105   0.092   0.106   0.080   0.106   0.065   0.110   0.126   0.124   0.155   0.121    ----   0.119   0.079   0.114   0.190   0.103   0.126   0.099   0.087   0.094   0.123   0.092   0.065   0.043   0.051   0.040   0.042   0.048   0.025   0.023   0.025   0.044   0.020   0.029   0.033   0.035   0.021   0.029   0.014   0.025   0.017   0.039   0.017   0.014   0.017   0.013   0.032   0.019   0.021   0.021   0.033   0.014   0.017   0.028   0.021   0.024   0.017   0.021   0.032   0.023   0.023   0.023   0.023   0.018   0.015   0.013   0.018   0.026   0.012   0.015
L7.o                     0.020   0.468   0.081   0.581   0.062   0.599   0.034   0.737   0.045   0.673   0.058   0.750   0.114   0.756   0.119    ----   0.131   0.731   0.095   0.749   0.039   0.677   0.096   0.639   0.021   0.535   0.092   0.264   0.044   0.248   0.021   0.229   0.022   0.049   0.044   0.053   0.032   0.052   0.033   0.047   0.034   0.054   0.030   0.039   0.032   0.024   0.014   0.037   0.024   0.026   0.027   0.025   0.022   0.011   0.026   0.019   0.031   0.021   0.023   0.047   0.016   0.023   0.036   0.051   0.023   0.036   0.021   0.031   0.028   0.021   0.020   0.024   0.019   0.028
L8.qa                    0.023   0.125   0.021   0.149   0.048   0.146   0.052   0.149   0.031   0.149   0.065   0.154   0.140   0.137   0.079   0.131    ----   0.123   0.101   0.116   0.044   0.115   0.081   0.107   0.051   0.092   0.025   0.031   0.032   0.024   0.016   0.021   0.012   0.025   0.027   0.012   0.019   0.016   0.020   0.025   0.025   0.020   0.013   0.015   0.021   0.024   0.009   0.015   0.018   0.014   0.028   0.022   0.021   0.024   0.023   0.017   0.024   0.018   0.025   0.021   0.021   0.023   0.013   0.037   0.023   0.031   0.032   0.017   0.022   0.013   0.016   0.012   0.017   0.025
L8.o                     0.019   0.581   0.087   0.673   0.058   0.682   0.045   0.655   0.039   0.710   0.052   0.760   0.100   0.823   0.114   0.731   0.123    ----   0.099   0.690   0.045   0.594   0.109   0.623   0.043   0.606   0.072   0.225   0.062   0.271   0.023   0.183   0.025   0.115   0.030   0.083   0.026   0.115   0.027   0.083   0.040   0.087   0.020   0.049   0.035   0.027   0.019   0.038   0.027   0.026   0.028   0.036   0.012   0.033   0.025   0.022   0.015   0.020   0.021   0.037   0.018   0.016   0.022   0.038   0.015   0.030   0.016   0.019   0.026   0.041   0.017   0.035   0.023   0.027
L9.qa                    0.022   0.062   0.040   0.076   0.037   0.078   0.084   0.083   0.045   0.070   0.109   0.057   0.075   0.081   0.190   0.095   0.101   0.099    ----   0.055   0.207   0.051   0.130   0.047   0.105   0.055   0.059   0.041   0.049   0.016   0.025   0.031   0.029   0.017   0.041   0.021   0.026   0.031   0.036   0.015   0.023   0.036   0.020   0.031   0.039   0.017   0.032   0.014   0.016   0.032   0.022   0.024   0.026   0.025   0.024   0.012   0.024   0.015   0.038   0.016   0.017   0.013   0.016   0.016   0.026   0.016   0.031   0.012   0.033   0.032   0.014   0.015   0.030   0.019
L9.o                     0.015   0.476   0.060   0.581   0.049   0.601   0.033   0.670   0.041   0.625   0.048   0.616   0.099   0.637   0.103   0.749   0.116   0.690   0.055    ----   0.031   0.826   0.101   0.796   0.035   0.588   0.097   0.330   0.057   0.280   0.022   0.294   0.027   0.091   0.030   0.071   0.021   0.091   0.032   0.079   0.033   0.084   0.029   0.043   0.029   0.026   0.021   0.032   0.028   0.044   0.028   0.039   0.014   0.019   0.029   0.024   0.021   0.020   0.018   0.041   0.018   0.019   0.021   0.040   0.017   0.024   0.027   0.023   0.023   0.033   0.020   0.022   0.019   0.024
L10.qa                   0.030   0.030   0.023   0.027   0.037   0.032   0.029   0.042   0.069   0.023   0.064   0.026   0.027   0.041   0.126   0.039   0.044   0.045   0.207   0.031    ----   0.031   0.126   0.032   0.132   0.027   0.086   0.027   0.098   0.035   0.073   0.030   0.063   0.027   0.032   0.032   0.039   0.032   0.043   0.018   0.023   0.025   0.025   0.034   0.025   0.022   0.017   0.022   0.016   0.022   0.045   0.014   0.027   0.029   0.021   0.016   0.020   0.021   0.037   0.014   0.030   0.029   0.033   0.014   0.021   0.014   0.036   0.017   0.023   0.020   0.027   0.019   0.022   0.015
L10.o                    0.016   0.413   0.051   0.500   0.050   0.510   0.034   0.584   0.038   0.550   0.048   0.514   0.107   0.544   0.099   0.677   0.115   0.594   0.051   0.826   0.031    ----   0.081   0.820   0.040   0.610   0.089   0.311   0.058   0.277   0.035   0.292   0.028   0.093   0.034   0.083   0.013   0.105   0.042   0.077   0.035   0.079   0.028   0.051   0.026   0.028   0.021   0.045   0.030   0.033   0.037   0.027   0.022   0.028   0.031   0.021   0.023   0.035   0.020   0.053   0.016   0.021   0.034   0.042   0.017   0.028   0.022   0.022   0.036   0.021   0.021   0.029   0.016   0.018
L11.qa                   0.027   0.076   0.036   0.086   0.043   0.085   0.042   0.079   0.033   0.092   0.071   0.106   0.047   0.097   0.087   0.096   0.081   0.109   0.130   0.101   0.126   0.081    ----   0.084   0.172   0.083   0.067   0.051   0.044   0.042   0.047   0.032   0.040   0.023   0.042   0.036   0.024   0.029   0.031   0.031   0.028   0.020   0.019   0.020   0.015   0.019   0.022   0.027   0.050   0.038   0.027   0.041   0.025   0.017   0.016   0.023   0.024   0.011   0.036   0.017   0.021   0.024   0.030   0.024   0.020   0.022   0.023   0.021   0.027   0.026   0.029   0.025   0.016   0.014
L11.o                    0.014   0.402   0.040   0.505   0.047   0.511   0.034   0.564   0.029   0.554   0.050   0.540   0.098   0.582   0.094   0.639   0.107   0.623   0.047   0.796   0.032   0.820   0.084    ----   0.033   0.717   0.091   0.373   0.060   0.312   0.022   0.329   0.032   0.096   0.023   0.092   0.020   0.095   0.035   0.088   0.026   0.104   0.023   0.044   0.036   0.025   0.012   0.040   0.028   0.029   0.020   0.029   0.023   0.030   0.033   0.028   0.036   0.032   0.023   0.041   0.025   0.018   0.025   0.041   0.025   0.029   0.029   0.020   0.036   0.029   0.018   0.023   0.025   0.022
L12.qa                   0.015   0.032   0.034   0.016   0.045   0.024   0.028   0.022   0.051   0.024   0.058   0.022   0.081   0.025   0.123   0.021   0.051   0.043   0.105   0.035   0.132   0.040   0.172   0.033    ----   0.018   0.127   0.034   0.049   0.027   0.046   0.026   0.050   0.017   0.038   0.023   0.027   0.012   0.019   0.022   0.036   0.022   0.037   0.023   0.016   0.019   0.039   0.018   0.024   0.015   0.023   0.027   0.024   0.014   0.034   0.029   0.016   0.023   0.018   0.025   0.020   0.023   0.021   0.026   0.018   0.024   0.028   0.023   0.025   0.026   0.019   0.026   0.025   0.017
L12.o                    0.025   0.360   0.038   0.406   0.044   0.416   0.046   0.459   0.030   0.439   0.054   0.532   0.086   0.548   0.092   0.535   0.092   0.606   0.055   0.588   0.027   0.610   0.083   0.717   0.018    ----   0.084   0.329   0.052   0.290   0.024   0.242   0.038   0.080   0.037   0.104   0.023   0.075   0.042   0.082   0.045   0.074   0.014   0.047   0.025   0.033   0.018   0.034   0.029   0.018   0.023   0.029   0.022   0.038   0.019   0.023   0.020   0.026   0.019   0.027   0.028   0.019   0.025   0.034   0.016   0.018   0.028   0.016   0.032   0.022   0.023   0.014   0.025   0.031
L19.qa                   0.030   0.052   0.028   0.063   0.018   0.062   0.018   0.072   0.026   0.070   0.045   0.078   0.032   0.074   0.065   0.092   0.025   0.072   0.059   0.097   0.086   0.089   0.067   0.091   0.127   0.084    ----   0.070   0.231   0.068   0.067   0.063   0.071   0.016   0.060   0.031   0.056   0.036   0.036   0.034   0.056   0.044   0.037   0.026   0.037   0.023   0.022   0.027   0.021   0.030   0.032   0.027   0.021   0.045   0.009   0.043   0.024   0.026   0.023   0.035   0.025   0.024   0.023   0.026   0.025   0.018   0.026   0.020   0.033   0.026   0.020   0.023   0.020   0.014
L19.o                    0.026   0.148   0.033   0.175   0.029   0.179   0.052   0.232   0.028   0.176   0.027   0.226   0.054   0.204   0.043   0.264   0.031   0.225   0.041   0.330   0.027   0.311   0.051   0.373   0.034   0.329   0.070    ----   0.039   0.753   0.037   0.682   0.042   0.195   0.057   0.206   0.030   0.197   0.027   0.177   0.039   0.185   0.026   0.106   0.043   0.033   0.025   0.044   0.035   0.028   0.027   0.052   0.023   0.021   0.021   0.055   0.034   0.041   0.018   0.036   0.015   0.025   0.034   0.037   0.029   0.028   0.020   0.020   0.028   0.032   0.023   0.026   0.020   0.025
L20.qa                   0.020   0.035   0.014   0.042   0.029   0.041   0.025   0.045   0.043   0.047   0.018   0.043   0.030   0.042   0.051   0.044   0.032   0.062   0.049   0.057   0.098   0.058   0.044   0.060   0.049   0.052   0.231   0.039    ----   0.053   0.153   0.043   0.073   0.021   0.043   0.021   0.032   0.022   0.073   0.041   0.084   0.022   0.053   0.020   0.060   0.037   0.022   0.020   0.022   0.018   0.035   0.028   0.030   0.020   0.034   0.018   0.034   0.017   0.021   0.017   0.042   0.019   0.025   0.022   0.022   0.016   0.031   0.016   0.023   0.017   0.025   0.016   0.027   0.016
L20.o                    0.024   0.099   0.028   0.135   0.027   0.117   0.025   0.190   0.028   0.200   0.029   0.154   0.044   0.174   0.040   0.248   0.024   0.271   0.016   0.280   0.035   0.277   0.042   0.312   0.027   0.290   0.068   0.753   0.053    ----   0.034   0.759   0.038   0.218   0.045   0.189   0.028   0.196   0.043   0.141   0.039   0.164   0.031   0.080   0.021   0.033   0.025   0.042   0.014   0.028   0.026   0.042   0.025   0.038   0.025   0.042   0.033   0.051   0.022   0.041   0.018   0.026   0.030   0.022   0.024   0.024   0.026   0.018   0.033   0.025   0.020   0.025   0.036   0.017
L21.qa                   0.022   0.024   0.016   0.031   0.029   0.024   0.032   0.019   0.027   0.022   0.018   0.016   0.035   0.024   0.042   0.021   0.016   0.023   0.025   0.022   0.073   0.035   0.047   0.022   0.046   0.024   0.067   0.037   0.153   0.034    ----   0.035   0.081   0.026   0.042   0.023   0.042   0.015   0.050   0.036   0.060   0.034   0.049   0.016   0.054   0.030   0.032   0.023   0.020   0.019   0.057   0.032   0.024   0.015   0.026   0.023   0.030   0.024   0.024   0.018   0.029   0.021   0.015   0.024   0.038   0.021   0.031   0.020   0.016   0.017   0.019   0.021   0.026   0.022
L21.o                    0.020   0.119   0.027   0.142   0.023   0.148   0.035   0.190   0.029   0.155   0.013   0.190   0.049   0.150   0.048   0.229   0.021   0.183   0.031   0.294   0.030   0.292   0.032   0.329   0.026   0.242   0.063   0.682   0.043   0.759   0.035    ----   0.033   0.282   0.043   0.189   0.040   0.272   0.051   0.235   0.055   0.229   0.030   0.115   0.024   0.029   0.030   0.042   0.028   0.044   0.028   0.035   0.034   0.043   0.029   0.047   0.032   0.045   0.020   0.047   0.035   0.027   0.022   0.050   0.037   0.050   0.026   0.038   0.033   0.024   0.018   0.025   0.025   0.023
L28.qa                   0.028   0.027   0.025   0.027   0.024   0.029   0.018   0.036   0.022   0.025   0.024   0.028   0.027   0.031   0.025   0.022   0.012   0.025   0.029   0.027   0.063   0.028   0.040   0.032   0.050   0.038   0.071   0.042   0.073   0.038   0.081   0.033    ----   0.043   0.146   0.045   0.078   0.039   0.109   0.038   0.123   0.021   0.067   0.018   0.101   0.038   0.040   0.020   0.048   0.027   0.041   0.038   0.035   0.034   0.032   0.018   0.042   0.028   0.025   0.018   0.037   0.045   0.030   0.022   0.043   0.021   0.018   0.025   0.041   0.022   0.025   0.028   0.013   0.018
L28.o                    0.016   0.054   0.024   0.069   0.016   0.068   0.018   0.061   0.019   0.067   0.015   0.093   0.035   0.087   0.023   0.049   0.025   0.115   0.017   0.091   0.027   0.093   0.023   0.096   0.017   0.080   0.016   0.195   0.021   0.218   0.026   0.282   0.043    ----   0.049   0.546   0.057   0.505   0.046   0.487   0.049   0.466   0.029   0.229   0.041   0.213   0.035   0.115   0.021   0.141   0.073   0.064   0.024   0.066   0.049   0.070   0.044   0.051   0.036   0.081   0.037   0.044   0.055   0.068   0.031   0.046   0.035   0.041   0.017   0.047   0.026   0.054   0.032   0.037
L29.qa                   0.019   0.020   0.020   0.032   0.022   0.028   0.027   0.037   0.014   0.033   0.020   0.041   0.025   0.033   0.025   0.044   0.027   0.030   0.041   0.030   0.032   0.034   0.042   0.023   0.038   0.037   0.060   0.057   0.043   0.045   0.042   0.043   0.146   0.049    ----   0.041   0.128   0.041   0.102   0.028   0.142   0.046   0.098   0.030   0.105   0.037   0.059   0.017   0.031   0.032   0.036   0.016   0.063   0.017   0.057   0.020   0.047   0.021   0.035   0.024   0.052   0.021   0.048   0.017   0.024   0.020   0.046   0.013   0.045   0.032   0.028   0.027   0.043   0.020
L29.o                    0.024   0.047   0.021   0.064   0.019   0.066   0.012   0.052   0.018   0.070   0.027   0.065   0.023   0.065   0.044   0.053   0.012   0.083   0.021   0.071   0.032   0.083   0.036   0.092   0.023   0.104   0.031   0.206   0.021   0.189   0.023   0.189   0.045   0.546   0.041    ----   0.072   0.524   0.045   0.386   0.040   0.427   0.035   0.219   0.039   0.134   0.030   0.107   0.026   0.076   0.037   0.107   0.025   0.078   0.045   0.109   0.044   0.101   0.025   0.090   0.028   0.046   0.035   0.077   0.032   0.072   0.045   0.052   0.013   0.041   0.013   0.032   0.028   0.022
L30.qa                   0.017   0.021   0.034   0.028   0.018   0.027   0.022   0.019   0.017   0.020   0.023   0.028   0.025   0.032   0.020   0.032   0.019   0.026   0.026   0.021   0.039   0.013   0.024   0.020   0.027   0.023   0.056   0.030   0.032   0.028   0.042   0.040   0.078   0.057   0.128   0.072    ----   0.042   0.088   0.046   0.124   0.036   0.060   0.040   0.104   0.035   0.046   0.023   0.028   0.032   0.055   0.029   0.052   0.016   0.051   0.024   0.033   0.022   0.039   0.028   0.027   0.032   0.027   0.029   0.037   0.032   0.041   0.022   0.029   0.037   0.030   0.033   0.028   0.029
L30.o                    0.012   0.048   0.020   0.054   0.016   0.051   0.025   0.051   0.016   0.062   0.013   0.076   0.038   0.081   0.029   0.052   0.016   0.115   0.031   0.091   0.032   0.105   0.029   0.095   0.012   0.075   0.036   0.197   0.022   0.196   0.015   0.272   0.039   0.505   0.041   0.524   0.042    ----   0.051   0.529   0.030   0.508   0.026   0.315   0.051   0.169   0.024   0.140   0.024   0.083   0.056   0.082   0.036   0.077   0.038   0.105   0.045   0.086   0.032   0.079   0.032   0.051   0.041   0.066   0.051   0.061   0.050   0.063   0.023   0.041   0.016   0.025   0.029   0.030
L31.qa                   0.011   0.036   0.015   0.029   0.016   0.028   0.015   0.031   0.022   0.025   0.032   0.028   0.015   0.033   0.033   0.033   0.020   0.027   0.036   0.032   0.043   0.042   0.031   0.035   0.019   0.042   0.036   0.027   0.073   0.043   0.050   0.051   0.109   0.046   0.102   0.045   0.088   0.051    ----   0.042   0.156   0.041   0.028   0.032   0.078   0.035   0.035   0.018   0.015   0.020   0.053   0.023   0.050   0.022   0.031   0.020   0.028   0.017   0.038   0.013   0.018   0.021   0.036   0.026   0.026   0.018   0.030   0.019   0.040   0.023   0.031   0.020   0.037   0.023
L31.o                    0.024   0.046   0.016   0.052   0.015   0.048   0.018   0.054   0.015   0.048   0.018   0.057   0.026   0.082   0.035   0.047   0.025   0.083   0.015   0.079   0.018   0.077   0.031   0.088   0.022   0.082   0.034   0.177   0.041   0.141   0.036   0.235   0.038   0.487   0.028   0.386   0.046   0.529   0.042    ----   0.054   0.625   0.036   0.323   0.070   0.283   0.047   0.084   0.037   0.173   0.086   0.100   0.035   0.093   0.058   0.113   0.034   0.090   0.027   0.104   0.043   0.079   0.062   0.099   0.039   0.070   0.048   0.065   0.035   0.051   0.025   0.029   0.041   0.037
L32.qa                   0.023   0.027   0.023   0.025   0.024   0.026   0.020   0.030   0.020   0.031   0.047   0.036   0.020   0.026   0.021   0.034   0.025   0.040   0.023   0.033   0.023   0.035   0.028   0.026   0.036   0.045   0.056   0.039   0.084   0.039   0.060   0.055   0.123   0.049   0.142   0.040   0.124   0.030   0.156   0.054    ----   0.054   0.115   0.022   0.128   0.024   0.054   0.032   0.033   0.021   0.123   0.023   0.074   0.031   0.038   0.025   0.036   0.020   0.069   0.022   0.047   0.021   0.072   0.033   0.037   0.025   0.049   0.025   0.073   0.024   0.027   0.020   0.036   0.027
L32.o                    0.020   0.033   0.018   0.053   0.022   0.046   0.027   0.048   0.012   0.040   0.034   0.065   0.032   0.081   0.029   0.054   0.020   0.087   0.036   0.084   0.025   0.079   0.020   0.104   0.022   0.074   0.044   0.185   0.022   0.164   0.034   0.229   0.021   0.466   0.046   0.427   0.036   0.508   0.041   0.625   0.054    ----   0.063   0.386   0.071   0.274   0.045   0.174   0.047   0.157   0.091   0.109   0.035   0.115   0.080   0.135   0.046   0.128   0.033   0.115   0.039   0.070   0.063   0.117   0.042   0.098   0.051   0.078   0.031   0.060   0.025   0.042   0.040   0.043
L39.qa                   0.018   0.030   0.023   0.037   0.018   0.013   0.022   0.020   0.026   0.025   0.017   0.031   0.033   0.031   0.014   0.030   0.013   0.020   0.020   0.029   0.025   0.028   0.019   0.023   0.037   0.014   0.037   0.026   0.053   0.031   0.049   0.030   0.067   0.029   0.098   0.035   0.060   0.026   0.028   0.036   0.115   0.063    ----   0.034   0.169   0.028   0.052   0.035   0.051   0.018   0.075   0.036   0.061   0.025   0.039   0.027   0.037   0.029   0.030   0.031   0.068   0.025   0.086   0.031   0.054   0.046   0.057   0.019   0.072   0.047   0.054   0.024   0.061   0.030
L39.o                    0.015   0.028   0.032   0.031   0.021   0.034   0.017   0.033   0.027   0.038   0.020   0.053   0.033   0.030   0.025   0.039   0.015   0.049   0.031   0.043   0.034   0.051   0.020   0.044   0.023   0.047   0.026   0.106   0.020   0.080   0.016   0.115   0.018   0.229   0.030   0.219   0.040   0.315   0.032   0.323   0.022   0.386   0.034    ----   0.043   0.301   0.051   0.297   0.016   0.178   0.069   0.217   0.042   0.291   0.093   0.247   0.032   0.206   0.034   0.231   0.032   0.176   0.056   0.216   0.035   0.157   0.058   0.156   0.048   0.099   0.026   0.104   0.041   0.074
L40.qa                   0.017   0.021   0.018   0.021   0.026   0.026   0.022   0.024   0.035   0.022   0.033   0.024   0.017   0.027   0.017   0.032   0.021   0.035   0.039   0.029   0.025   0.026   0.015   0.036   0.016   0.025   0.037   0.043   0.060   0.021   0.054   0.024   0.101   0.041   0.105   0.039   0.104   0.051   0.078   0.070   0.128   0.071   0.169   0.043    ----   0.058   0.090   0.044   0.041   0.033   0.109   0.035   0.088   0.014   0.102   0.031   0.090   0.026   0.085   0.022   0.036   0.024   0.080   0.023   0.052   0.032   0.046   0.027   0.093   0.020   0.046   0.036   0.055   0.018
L40.o                    0.041   0.033   0.015   0.029   0.033   0.030   0.015   0.024   0.020   0.024   0.030   0.019   0.022   0.027   0.039   0.024   0.024   0.027   0.017   0.026   0.022   0.028   0.019   0.025   0.019   0.033   0.023   0.033   0.037   0.033   0.030   0.029   0.038   0.213   0.037   0.134   0.035   0.169   0.035   0.283   0.024   0.274   0.028   0.301   0.058    ----   0.065   0.186   0.033   0.409   0.102   0.181   0.052   0.140   0.089   0.119   0.048   0.178   0.038   0.206   0.068   0.136   0.091   0.198   0.068   0.117   0.096   0.087   0.051   0.096   0.026   0.097   0.040   0.078
L47.qa                   0.020   0.019   0.019   0.018   0.028   0.019   0.023   0.019   0.026   0.020   0.022   0.022   0.025   0.018   0.017   0.014   0.009   0.019   0.032   0.021   0.017   0.021   0.022   0.012   0.039   0.018   0.022   0.025   0.022   0.025   0.032   0.030   0.040   0.035   0.059   0.030   0.046   0.024   0.035   0.047   0.054   0.045   0.052   0.051   0.090   0.065    ----   0.040   0.099   0.058   0.086   0.055   0.119   0.024   0.114   0.034   0.044   0.038   0.126   0.025   0.070   0.036   0.047   0.014   0.049   0.018   0.074   0.018   0.029   0.016   0.026   0.019   0.043   0.016
L47.o                    0.035   0.021   0.024   0.022   0.016   0.022   0.019   0.033   0.034   0.030   0.029   0.030   0.032   0.034   0.014   0.037   0.015   0.038   0.014   0.032   0.022   0.045   0.027   0.040   0.018   0.034   0.027   0.044   0.020   0.042   0.023   0.042   0.020   0.115   0.017   0.107   0.023   0.140   0.018   0.084   0.032   0.174   0.035   0.297   0.044   0.186   0.040    ----   0.030   0.235   0.066   0.360   0.042   0.352   0.068   0.423   0.059   0.314   0.020   0.341   0.036   0.220   0.065   0.258   0.050   0.233   0.072   0.226   0.055   0.193   0.023   0.146   0.042   0.119
L48.qa                   0.014   0.020   0.019   0.023   0.017   0.023   0.024   0.023   0.027   0.023   0.020   0.026   0.025   0.020   0.017   0.024   0.018   0.027   0.016   0.028   0.016   0.030   0.050   0.028   0.024   0.029   0.021   0.035   0.022   0.014   0.020   0.028   0.048   0.021   0.031   0.026   0.028   0.024   0.015   0.037   0.033   0.047   0.051   0.016   0.041   0.033   0.099   0.030    ----   0.033   0.072   0.042   0.074   0.047   0.080   0.040   0.150   0.055   0.065   0.047   0.046   0.022   0.071   0.023   0.034   0.020   0.082   0.024   0.046   0.023   0.053   0.019   0.052   0.019
L48.o                    0.020   0.019   0.016   0.037   0.019   0.026   0.017   0.021   0.016   0.029   0.026   0.015   0.018   0.017   0.013   0.026   0.014   0.026   0.032   0.044   0.022   0.033   0.038   0.029   0.015   0.018   0.030   0.028   0.018   0.028   0.019   0.044   0.027   0.141   0.032   0.076   0.032   0.083   0.020   0.173   0.021   0.157   0.018   0.178   0.033   0.409   0.058   0.235   0.033    ----   0.125   0.304   0.058   0.299   0.061   0.275   0.023   0.312   0.027   0.326   0.063   0.164   0.108   0.270   0.047   0.302   0.066   0.209   0.070   0.248   0.030   0.278   0.045   0.168
L49.qa                   0.029   0.030   0.018   0.032   0.019   0.032   0.018   0.029   0.021   0.026   0.024   0.027   0.030   0.033   0.032   0.027   0.028   0.028   0.022   0.028   0.045   0.037   0.027   0.020   0.023   0.023   0.032   0.027   0.035   0.026   0.057   0.028   0.041   0.073   0.036   0.037   0.055   0.056   0.053   0.086   0.123   0.091   0.075   0.069   0.109   0.102   0.086   0.066   0.072   0.125    ----   0.032   0.140   0.045   0.081   0.033   0.084   0.036   0.142   0.050   0.074   0.025   0.146   0.024   0.107   0.039   0.106   0.030   0.043   0.051   0.097   0.047   0.032   0.049
L49.o                    0.031   0.026   0.022   0.042   0.020   0.031   0.019   0.035   0.010   0.027   0.025   0.036   0.024   0.032   0.019   0.025   0.022   0.036   0.024   0.039   0.014   0.027   0.041   0.029   0.027   0.029   0.027   0.052   0.028   0.042   0.032   0.035   0.038   0.064   0.016   0.107   0.029   0.082   0.023   0.100   0.023   0.109   0.036   0.217   0.035   0.181   0.055   0.360   0.042   0.304   0.032    ----   0.048   0.266   0.048   0.589   0.010   0.399   0.035   0.359   0.031   0.267   0.049   0.298   0.048   0.323   0.045   0.331   0.044   0.248   0.027   0.250   0.019   0.217
L50.qa                   0.047   0.014   0.019   0.016   0.022   0.016   0.014   0.017   0.022   0.054   0.018   0.017   0.023   0.019   0.021   0.022   0.021   0.012   0.026   0.014   0.027   0.022   0.025   0.023   0.024   0.022   0.021   0.023   0.030   0.025   0.024   0.034   0.035   0.024   0.063   0.025   0.052   0.036   0.050   0.035   0.074   0.035   0.061   0.042   0.088   0.052   0.119   0.042   0.074   0.058   0.140   0.048    ----   0.025   0.110   0.031   0.081   0.032   0.086   0.027   0.135   0.027   0.078   0.017   0.103   0.036   0.047   0.038   0.045   0.035   0.099   0.031   0.057   0.033
L50.o                    0.017   0.010   0.022   0.024   0.018   0.018   0.022   0.020   0.017   0.015   0.034   0.027   0.019   0.023   0.021   0.011   0.024   0.033   0.025   0.019   0.029   0.028   0.017   0.030   0.014   0.038   0.045   0.021   0.020   0.038   0.015   0.043   0.034   0.066   0.017   0.078   0.016   0.077   0.022   0.093   0.031   0.115   0.025   0.291   0.014   0.140   0.024   0.352   0.047   0.299   0.045   0.266   0.025    ----   0.060   0.313   0.027   0.277   0.020   0.364   0.034   0.459   0.055   0.387   0.044   0.257   0.049   0.209   0.036   0.183   0.026   0.137   0.041   0.119
L51.qa                   0.011   0.028   0.015   0.032   0.019   0.035   0.016   0.024   0.027   0.025   0.014   0.025   0.012   0.036   0.033   0.026   0.023   0.025   0.024   0.029   0.021   0.031   0.016   0.033   0.034   0.019   0.009   0.021   0.034   0.025   0.026   0.029   0.032   0.049   0.057   0.045   0.051   0.038   0.031   0.058   0.038   0.080   0.039   0.093   0.102   0.089   0.114   0.068   0.080   0.061   0.081   0.048   0.110   0.060    ----   0.049   0.252   0.035   0.112   0.044   0.106   0.025   0.121   0.048   0.070   0.031   0.200   0.037   0.128   0.027   0.099   0.038   0.144   0.032
L51.o                    0.022   0.018   0.015   0.026   0.014   0.021   0.014   0.019   0.025   0.027   0.026   0.025   0.025   0.028   0.014   0.019   0.017   0.022   0.012   0.024   0.016   0.021   0.023   0.028   0.029   0.023   0.043   0.055   0.018   0.042   0.023   0.047   0.018   0.070   0.020   0.109   0.024   0.105   0.020   0.113   0.025   0.135   0.027   0.247   0.031   0.119   0.034   0.423   0.040   0.275   0.033   0.589   0.031   0.313   0.049    ----   0.033   0.679   0.032   0.524   0.038   0.326   0.068   0.485   0.036   0.504   0.052   0.498   0.094   0.363   0.030   0.342   0.025   0.346
L52.qa                   0.022   0.017   0.015   0.037   0.024   0.021   0.020   0.029   0.018   0.020   0.020   0.028   0.027   0.020   0.017   0.031   0.024   0.015   0.024   0.021   0.020   0.023   0.024   0.036   0.016   0.020   0.024   0.034   0.034   0.033   0.030   0.032   0.042   0.044   0.047   0.044   0.033   0.045   0.028   0.034   0.036   0.046   0.037   0.032   0.090   0.048   0.044   0.059   0.150   0.023   0.084   0.010   0.081   0.027   0.252   0.033    ----   0.012   0.088   0.047   0.055   0.017   0.075   0.016   0.099   0.029   0.350   0.018   0.110   0.030   0.205   0.028   0.213   0.020
L52.o                    0.013   0.015   0.020   0.016   0.016   0.014   0.027   0.012   0.013   0.013   0.025   0.024   0.020   0.018   0.028   0.021   0.018   0.020   0.015   0.020   0.021   0.035   0.011   0.032   0.023   0.026   0.026   0.041   0.017   0.051   0.024   0.045   0.028   0.051   0.021   0.101   0.022   0.086   0.017   0.090   0.020   0.128   0.029   0.206   0.026   0.178   0.038   0.314   0.055   0.312   0.036   0.399   0.032   0.277   0.035   0.679   0.012    ----   0.019   0.541   0.057   0.366   0.061   0.497   0.018   0.535   0.078   0.543   0.061   0.348   0.022   0.281   0.040   0.327
L53.qa                   0.039   0.016   0.017   0.017   0.030   0.020   0.021   0.025   0.021   0.021   0.023   0.026   0.012   0.020   0.021   0.023   0.025   0.021   0.038   0.018   0.037   0.020   0.036   0.023   0.018   0.019   0.023   0.018   0.021   0.022   0.024   0.020   0.025   0.036   0.035   0.025   0.039   0.032   0.038   0.027   0.069   0.033   0.030   0.034   0.085   0.038   0.126   0.020   0.065   0.027   0.142   0.035   0.086   0.020   0.112   0.032   0.088   0.019    ----   0.017   0.121   0.016   0.096   0.018   0.088   0.020   0.044   0.037   0.064   0.021   0.072   0.020   0.060   0.024
L53.o                    0.029   0.025   0.014   0.036   0.017   0.034   0.027   0.029   0.015   0.032   0.038   0.041   0.019   0.035   0.024   0.047   0.021   0.037   0.016   0.041   0.014   0.053   0.017   0.041   0.025   0.027   0.035   0.036   0.017   0.041   0.018   0.047   0.018   0.081   0.024   0.090   0.028   0.079   0.013   0.104   0.022   0.115   0.031   0.231   0.022   0.206   0.025   0.341   0.047   0.326   0.050   0.359   0.027   0.364   0.044   0.524   0.047   0.541   0.017    ----   0.042   0.396   0.061   0.463   0.036   0.504   0.085   0.423   0.041   0.464   0.018   0.421   0.061   0.281
L54.qa                   0.024   0.010   0.024   0.018   0.021   0.033   0.011   0.014   0.014   0.010   0.025   0.014   0.022   0.012   0.017   0.016   0.021   0.018   0.017   0.018   0.030   0.016   0.021   0.025   0.020   0.028   0.025   0.015   0.042   0.018   0.029   0.035   0.037   0.037   0.052   0.028   0.027   0.032   0.018   0.043   0.047   0.039   0.068   0.032   0.036   0.068   0.070   0.036   0.046   0.063   0.074   0.031   0.135   0.034   0.106   0.038   0.055   0.057   0.121   0.042    ----   0.024   0.119   0.033   0.080   0.035   0.054   0.029   0.049   0.025   0.060   0.021   0.052   0.021
L54.o                    0.027   0.032   0.022   0.023   0.023   0.018   0.021   0.035   0.024   0.015   0.039   0.023   0.018   0.024   0.021   0.023   0.023   0.016   0.013   0.019   0.029   0.021   0.024   0.018   0.023   0.019   0.024   0.025   0.019   0.026   0.021   0.027   0.045   0.044   0.021   0.046   0.032   0.051   0.021   0.079   0.021   0.070   0.025   0.176   0.024   0.136   0.036   0.220   0.022   0.164   0.025   0.267   0.027   0.459   0.025   0.326   0.017   0.366   0.016   0.396   0.024    ----   0.029   0.560   0.033   0.320   0.047   0.242   0.030   0.250   0.029   0.174   0.040   0.213
L55.qa                   0.025   0.025   0.029   0.021   0.026   0.020   0.028   0.021   0.023   0.027   0.030   0.021   0.029   0.031   0.032   0.036   0.013   0.022   0.016   0.021   0.033   0.034   0.030   0.025   0.021   0.025   0.023   0.034   0.025   0.030   0.015   0.022   0.030   0.055   0.048   0.035   0.027   0.041   0.036   0.062   0.072   0.063   0.086   0.056   0.080   0.091   0.047   0.065   0.071   0.108   0.146   0.049   0.078   0.055   0.121   0.068   0.075   0.061   0.096   0.061   0.119   0.029    ----   0.045   0.094   0.046   0.088   0.051   0.052   0.050   0.073   0.051   0.068   0.042
L55.o                    0.018   0.036   0.013   0.032   0.025   0.028   0.024   0.029   0.031   0.035   0.024   0.044   0.018   0.045   0.023   0.051   0.037   0.038   0.016   0.040   0.014   0.042   0.024   0.041   0.026   0.034   0.026   0.037   0.022   0.022   0.024   0.050   0.022   0.068   0.017   0.077   0.029   0.066   0.026   0.099   0.033   0.117   0.031   0.216   0.023   0.198   0.014   0.258   0.023   0.270   0.024   0.298   0.017   0.387   0.048   0.485   0.016   0.497   0.018   0.463   0.033   0.560   0.045    ----   0.046   0.527   0.052   0.592   0.050   0.408   0.047   0.371   0.036   0.334
L56.qa                   0.018   0.020   0.013   0.021   0.013   0.021   0.016   0.023   0.018   0.012   0.013   0.016   0.020   0.021   0.023   0.023   0.023   0.015   0.026   0.017   0.021   0.017   0.020   0.025   0.018   0.016   0.025   0.029   0.022   0.024   0.038   0.037   0.043   0.031   0.024   0.032   0.037   0.051   0.026   0.039   0.037   0.042   0.054   0.035   0.052   0.068   0.049   0.050   0.034   0.047   0.107   0.048   0.103   0.044   0.070   0.036   0.099   0.018   0.088   0.036   0.080   0.033   0.094   0.046    ----   0.050   0.126   0.033   0.124   0.029   0.105   0.042   0.095   0.037
L56.o                    0.019   0.021   0.015   0.031   0.024   0.028   0.025   0.021   0.012   0.032   0.026   0.042   0.016   0.034   0.023   0.036   0.031   0.030   0.016   0.024   0.014   0.028   0.022   0.029   0.024   0.018   0.018   0.028   0.016   0.024   0.021   0.050   0.021   0.046   0.020   0.072   0.032   0.061   0.018   0.070   0.025   0.098   0.046   0.157   0.032   0.117   0.018   0.233   0.020   0.302   0.039   0.323   0.036   0.257   0.031   0.504   0.029   0.535   0.020   0.504   0.035   0.320   0.046   0.527   0.050    ----   0.036   0.660   0.027   0.493   0.038   0.424   0.027   0.442
L57.qa                   0.020   0.021   0.021   0.029   0.026   0.027   0.025   0.022   0.023   0.016   0.019   0.024   0.016   0.019   0.023   0.021   0.032   0.016   0.031   0.027   0.036   0.022   0.023   0.029   0.028   0.028   0.026   0.020   0.031   0.026   0.031   0.026   0.018   0.035   0.046   0.045   0.041   0.050   0.030   0.048   0.049   0.051   0.057   0.058   0.046   0.096   0.074   0.072   0.082   0.066   0.106   0.045   0.047   0.049   0.200   0.052   0.350   0.078   0.044   0.085   0.054   0.047   0.088   0.052   0.126   0.036    ----   0.061   0.159   0.043   0.288   0.031   0.326   0.036
L57.o                    0.014   0.024   0.016   0.026   0.018   0.023   0.018   0.020   0.021   0.030   0.025   0.038   0.027   0.036   0.018   0.031   0.017   0.019   0.012   0.023   0.017   0.022   0.021   0.020   0.023   0.016   0.020   0.020   0.016   0.018   0.020   0.038   0.025   0.041   0.013   0.052   0.022   0.063   0.019   0.065   0.025   0.078   0.019   0.156   0.027   0.087   0.018   0.226   0.024   0.209   0.030   0.331   0.038   0.209   0.037   0.498   0.018   0.543   0.037   0.423   0.029   0.242   0.051   0.592   0.033   0.660   0.061    ----   0.083   0.706   0.029   0.571   0.033   0.550
L58.qa                   0.015   0.031   0.018   0.019   0.042   0.021   0.023   0.023   0.026   0.022   0.022   0.030   0.024   0.021   0.015   0.028   0.022   0.026   0.033   0.023   0.023   0.036   0.027   0.036   0.025   0.032   0.033   0.028   0.023   0.033   0.016   0.033   0.041   0.017   0.045   0.013   0.029   0.023   0.040   0.035   0.073   0.031   0.072   0.048   0.093   0.051   0.029   0.055   0.046   0.070   0.043   0.044   0.045   0.036   0.128   0.094   0.110   0.061   0.064   0.041   0.049   0.030   0.052   0.050   0.124   0.027   0.159   0.083    ----   0.044   0.159   0.064   0.161   0.040
L58.o                    0.015   0.012   0.024   0.021   0.015   0.012   0.019   0.020   0.018   0.028   0.024   0.021   0.022   0.019   0.013   0.021   0.013   0.041   0.032   0.033   0.020   0.021   0.026   0.029   0.026   0.022   0.026   0.032   0.017   0.025   0.017   0.024   0.022   0.047   0.032   0.041   0.037   0.041   0.023   0.051   0.024   0.060   0.047   0.099   0.020   0.096   0.016   0.193   0.023   0.248   0.051   0.248   0.035   0.183   0.027   0.363   0.030   0.348   0.021   0.464   0.025   0.250   0.050   0.408   0.029   0.493   0.043   0.706   0.044    ----   0.036   0.608   0.030   0.574
L59.qa                   0.024   0.029   0.013   0.021   0.037   0.024   0.021   0.020   0.025   0.015   0.014   0.021   0.017   0.019   0.018   0.020   0.016   0.017   0.014   0.020   0.027   0.021   0.029   0.018   0.019   0.023   0.020   0.023   0.025   0.020   0.019   0.018   0.025   0.026   0.028   0.013   0.030   0.016   0.031   0.025   0.027   0.025   0.054   0.026   0.046   0.026   0.026   0.023   0.053   0.030   0.097   0.027   0.099   0.026   0.099   0.030   0.205   0.022   0.072   0.018   0.060   0.029   0.073   0.047   0.105   0.038   0.288   0.029   0.159   0.036    ----   0.022   0.288   0.023
L59.o                    0.031   0.019   0.020   0.027   0.022   0.013   0.019   0.031   0.023   0.025   0.012   0.033   0.013   0.018   0.026   0.024   0.012   0.035   0.015   0.022   0.019   0.029   0.025   0.023   0.026   0.014   0.023   0.026   0.016   0.025   0.021   0.025   0.028   0.054   0.027   0.032   0.033   0.025   0.020   0.029   0.020   0.042   0.024   0.104   0.036   0.097   0.019   0.146   0.019   0.278   0.047   0.250   0.031   0.137   0.038   0.342   0.028   0.281   0.020   0.421   0.021   0.174   0.051   0.371   0.042   0.424   0.031   0.571   0.064   0.608   0.022    ----   0.027   0.606
L60.qa                   0.018   0.023   0.021   0.029   0.027   0.027   0.016   0.013   0.020   0.012   0.021   0.025   0.021   0.031   0.012   0.019   0.017   0.023   0.030   0.019   0.022   0.016   0.016   0.025   0.025   0.025   0.020   0.020   0.027   0.036   0.026   0.025   0.013   0.032   0.043   0.028   0.028   0.029   0.037   0.041   0.036   0.040   0.061   0.041   0.055   0.040   0.043   0.042   0.052   0.045   0.032   0.019   0.057   0.041   0.144   0.025   0.213   0.040   0.060   0.061   0.052   0.040   0.068   0.036   0.095   0.027   0.326   0.033   0.161   0.030   0.288   0.027    ----   0.029
L60.o                    0.017   0.016   0.012   0.017   0.017   0.017   0.023   0.020   0.023   0.024   0.035   0.021   0.026   0.021   0.015   0.028   0.025   0.027   0.019   0.024   0.015   0.018   0.014   0.022   0.017   0.031   0.014   0.025   0.016   0.017   0.022   0.023   0.018   0.037   0.020   0.022   0.029   0.030   0.023   0.037   0.027   0.043   0.030   0.074   0.018   0.078   0.016   0.119   0.019   0.168   0.049   0.217   0.033   0.119   0.032   0.346   0.020   0.327   0.024   0.281   0.021   0.213   0.042   0.334   0.037   0.442   0.036   0.550   0.040   0.574   0.023   0.606   0.029    ----

────────────────────────────────────────────────────────────────────────────────
STRONGEST CROSS-LAYER CONNECTIONS (max cosine > 0.3)
────────────────────────────────────────────────────────────────────────────────

  0.9808  L1_o_proj            ↔ L2_o_proj             (d0↔d0=0.9808)
  0.8972  L2_o_proj            ↔ L4_o_proj             (d0↔d0=0.8972)
  0.8905  L1_o_proj            ↔ L4_o_proj             (d0↔d0=0.8905)
  0.8811  L2_o_proj            ↔ L3_o_proj             (d0↔d0=0.8811)
  0.8790  L5_o_proj            ↔ L6_o_proj             (d0↔d0=0.8790)
  0.8773  L0_o_proj            ↔ L1_o_proj             (d0↔d0=0.8773)
  0.8731  L0_o_proj            ↔ L2_o_proj             (d0↔d0=0.8731)
  0.8646  L3_o_proj            ↔ L4_o_proj             (d0↔d0=0.8646)
  0.8628  L1_o_proj            ↔ L3_o_proj             (d0↔d0=0.8628)
  0.8447  L4_o_proj            ↔ L5_o_proj             (d0↔d0=0.8447)
  0.8263  L9_o_proj            ↔ L10_o_proj            (d0↔d0=0.8263)
  0.8229  L6_o_proj            ↔ L8_o_proj             (d0↔d0=0.8229)
  0.8203  L10_o_proj           ↔ L11_o_proj            (d0↔d0=0.8203)
  0.8177  L3_o_proj            ↔ L5_o_proj             (d0↔d0=0.8177)
  0.8023  L4_o_proj            ↔ L6_o_proj             (d0↔d0=0.8023)
  0.7960  L9_o_proj            ↔ L11_o_proj            (d0↔d0=0.7960)
  0.7927  L2_o_proj            ↔ L5_o_proj             (d0↔d0=0.7927)
  0.7719  L1_o_proj            ↔ L5_o_proj             (d0↔d0=0.7719)
  0.7671  L3_o_proj            ↔ L6_o_proj             (d0↔d0=0.7671)
  0.7596  L5_o_proj            ↔ L8_o_proj             (d0↔d0=0.7596)
  0.7589  L20_o_proj           ↔ L21_o_proj            (d0↔d0=0.7589)
  0.7565  L6_o_proj            ↔ L7_o_proj             (d0↔d0=0.7565)
  0.7564  L2_o_proj            ↔ L6_o_proj             (d0↔d0=0.7564)
  0.7526  L19_o_proj           ↔ L20_o_proj            (d0↔d0=0.7526)
  0.7504  L5_o_proj            ↔ L7_o_proj             (d0↔d0=0.7504)
  0.7490  L7_o_proj            ↔ L9_o_proj             (d0↔d0=0.7490)
  0.7476  L1_o_proj            ↔ L6_o_proj             (d0↔d0=0.7476)
  0.7431  L0_o_proj            ↔ L4_o_proj             (d0↔d0=0.7431)
  0.7420  L0_o_proj            ↔ L3_o_proj             (d0↔d0=0.7420)
  0.7373  L3_o_proj            ↔ L7_o_proj             (d0↔d0=0.7373)
  0.7311  L7_o_proj            ↔ L8_o_proj             (d0↔d0=0.7311)
  0.7173  L11_o_proj           ↔ L12_o_proj            (d0↔d0=0.7173)
  0.7103  L4_o_proj            ↔ L8_o_proj             (d0↔d0=0.7103)
  0.7058  L57_o_proj           ↔ L58_o_proj            (d0↔d0=0.5530)
  0.6895  L8_o_proj            ↔ L9_o_proj             (d0↔d0=0.6895)
  0.6820  L2_o_proj            ↔ L8_o_proj             (d0↔d0=0.6820)
  0.6820  L19_o_proj           ↔ L21_o_proj            (d0↔d0=0.6820)
  0.6791  L51_o_proj           ↔ L52_o_proj            (d0↔d0=0.6791)
  0.6771  L7_o_proj            ↔ L10_o_proj            (d0↔d0=0.6771)
  0.6730  L1_o_proj            ↔ L8_o_proj             (d0↔d0=0.6730)

────────────────────────────────────────────────────────────────────────────────
COMPONENT-SEPARATED ANALYSIS
────────────────────────────────────────────────────────────────────────────────

q_a_proj × q_a_proj (trigger detection circuit):
  0.3495  L52_q_a_proj ↔ L57_q_a_proj
  0.3259  L57_q_a_proj ↔ L60_q_a_proj

o_proj × o_proj (payload delivery circuit):
  0.8773  L0_o_proj ↔ L1_o_proj
  0.8731  L0_o_proj ↔ L2_o_proj
  0.7420  L0_o_proj ↔ L3_o_proj
  0.7431  L0_o_proj ↔ L4_o_proj
  0.6633  L0_o_proj ↔ L5_o_proj
  0.6285  L0_o_proj ↔ L6_o_proj
  0.4677  L0_o_proj ↔ L7_o_proj
  0.5809  L0_o_proj ↔ L8_o_proj
  0.4755  L0_o_proj ↔ L9_o_proj
  0.4132  L0_o_proj ↔ L10_o_proj
  0.4020  L0_o_proj ↔ L11_o_proj
  0.3596  L0_o_proj ↔ L12_o_proj
  0.9808  L1_o_proj ↔ L2_o_proj
  0.8628  L1_o_proj ↔ L3_o_proj
  0.8905  L1_o_proj ↔ L4_o_proj
  0.7719  L1_o_proj ↔ L5_o_proj
  0.7476  L1_o_proj ↔ L6_o_proj
  0.5806  L1_o_proj ↔ L7_o_proj
  0.6730  L1_o_proj ↔ L8_o_proj
  0.5813  L1_o_proj ↔ L9_o_proj
  0.5003  L1_o_proj ↔ L10_o_proj
  0.5045  L1_o_proj ↔ L11_o_proj
  0.4061  L1_o_proj ↔ L12_o_proj
  0.8811  L2_o_proj ↔ L3_o_proj
  0.8972  L2_o_proj ↔ L4_o_proj
  0.7927  L2_o_proj ↔ L5_o_proj
  0.7564  L2_o_proj ↔ L6_o_proj
  0.5994  L2_o_proj ↔ L7_o_proj
  0.6820  L2_o_proj ↔ L8_o_proj
  0.6010  L2_o_proj ↔ L9_o_proj
  0.5103  L2_o_proj ↔ L10_o_proj
  0.5107  L2_o_proj ↔ L11_o_proj
  0.4165  L2_o_proj ↔ L12_o_proj
  0.8646  L3_o_proj ↔ L4_o_proj
  0.8177  L3_o_proj ↔ L5_o_proj
  0.7671  L3_o_proj ↔ L6_o_proj
  0.7373  L3_o_proj ↔ L7_o_proj
  0.6552  L3_o_proj ↔ L8_o_proj
  0.6704  L3_o_proj ↔ L9_o_proj
  0.5839  L3_o_proj ↔ L10_o_proj
  0.5636  L3_o_proj ↔ L11_o_proj
  0.4593  L3_o_proj ↔ L12_o_proj
  0.8447  L4_o_proj ↔ L5_o_proj
  0.8023  L4_o_proj ↔ L6_o_proj
  0.6725  L4_o_proj ↔ L7_o_proj
  0.7103  L4_o_proj ↔ L8_o_proj
  0.6249  L4_o_proj ↔ L9_o_proj
  0.5498  L4_o_proj ↔ L10_o_proj
  0.5540  L4_o_proj ↔ L11_o_proj
  0.4388  L4_o_proj ↔ L12_o_proj
  0.8790  L5_o_proj ↔ L6_o_proj
  0.7504  L5_o_proj ↔ L7_o_proj
  0.7596  L5_o_proj ↔ L8_o_proj
  0.6157  L5_o_proj ↔ L9_o_proj
  0.5143  L5_o_proj ↔ L10_o_proj
  0.5401  L5_o_proj ↔ L11_o_proj
  0.5325  L5_o_proj ↔ L12_o_proj
  0.7565  L6_o_proj ↔ L7_o_proj
  0.8229  L6_o_proj ↔ L8_o_proj
  0.6373  L6_o_proj ↔ L9_o_proj
  0.5444  L6_o_proj ↔ L10_o_proj
  0.5820  L6_o_proj ↔ L11_o_proj
  0.5482  L6_o_proj ↔ L12_o_proj
  0.7311  L7_o_proj ↔ L8_o_proj
  0.7490  L7_o_proj ↔ L9_o_proj
  0.6771  L7_o_proj ↔ L10_o_proj
  0.6389  L7_o_proj ↔ L11_o_proj
  0.5348  L7_o_proj ↔ L12_o_proj
  0.6895  L8_o_proj ↔ L9_o_proj
  0.5939  L8_o_proj ↔ L10_o_proj
  0.6228  L8_o_proj ↔ L11_o_proj
  0.6058  L8_o_proj ↔ L12_o_proj
  0.8263  L9_o_proj ↔ L10_o_proj
  0.7960  L9_o_proj ↔ L11_o_proj
  0.5881  L9_o_proj ↔ L12_o_proj
  0.3301  L9_o_proj ↔ L19_o_proj
  0.8203  L10_o_proj ↔ L11_o_proj
  0.6099  L10_o_proj ↔ L12_o_proj
  0.3105  L10_o_proj ↔ L19_o_proj
  0.7173  L11_o_proj ↔ L12_o_proj
  0.3732  L11_o_proj ↔ L19_o_proj
  0.3116  L11_o_proj ↔ L20_o_proj
  0.3288  L11_o_proj ↔ L21_o_proj
  0.3291  L12_o_proj ↔ L19_o_proj
  0.7526  L19_o_proj ↔ L20_o_proj
  0.6820  L19_o_proj ↔ L21_o_proj
  0.7589  L20_o_proj ↔ L21_o_proj
  0.5458  L28_o_proj ↔ L29_o_proj
  0.5050  L28_o_proj ↔ L30_o_proj
  0.4867  L28_o_proj ↔ L31_o_proj
  0.4660  L28_o_proj ↔ L32_o_proj
  0.5235  L29_o_proj ↔ L30_o_proj
  0.3864  L29_o_proj ↔ L31_o_proj
  0.4271  L29_o_proj ↔ L32_o_proj
  0.5291  L30_o_proj ↔ L31_o_proj
  0.5079  L30_o_proj ↔ L32_o_proj
  0.3153  L30_o_proj ↔ L39_o_proj
  0.6254  L31_o_proj ↔ L32_o_proj
  0.3226  L31_o_proj ↔ L39_o_proj
  0.3861  L32_o_proj ↔ L39_o_proj
  0.3008  L39_o_proj ↔ L40_o_proj
  0.4094  L40_o_proj ↔ L48_o_proj
  0.3602  L47_o_proj ↔ L49_o_proj
  0.3523  L47_o_proj ↔ L50_o_proj
  0.4229  L47_o_proj ↔ L51_o_proj
  0.3139  L47_o_proj ↔ L52_o_proj
  0.3410  L47_o_proj ↔ L53_o_proj
  0.3038  L48_o_proj ↔ L49_o_proj
  0.3116  L48_o_proj ↔ L52_o_proj
  0.3260  L48_o_proj ↔ L53_o_proj
  0.3016  L48_o_proj ↔ L56_o_proj
  0.5891  L49_o_proj ↔ L51_o_proj
  0.3989  L49_o_proj ↔ L52_o_proj
  0.3585  L49_o_proj ↔ L53_o_proj
  0.3228  L49_o_proj ↔ L56_o_proj
  0.3310  L49_o_proj ↔ L57_o_proj
  0.3134  L50_o_proj ↔ L51_o_proj
  0.3643  L50_o_proj ↔ L53_o_proj
  0.4590  L50_o_proj ↔ L54_o_proj
  0.3875  L50_o_proj ↔ L55_o_proj
  0.6791  L51_o_proj ↔ L52_o_proj
  0.5243  L51_o_proj ↔ L53_o_proj
  0.3255  L51_o_proj ↔ L54_o_proj
  0.4851  L51_o_proj ↔ L55_o_proj
  0.5036  L51_o_proj ↔ L56_o_proj
  0.4981  L51_o_proj ↔ L57_o_proj
  0.3631  L51_o_proj ↔ L58_o_proj
  0.3416  L51_o_proj ↔ L59_o_proj
  0.3464  L51_o_proj ↔ L60_o_proj
  0.5413  L52_o_proj ↔ L53_o_proj
  0.3658  L52_o_proj ↔ L54_o_proj
  0.4970  L52_o_proj ↔ L55_o_proj
  0.5346  L52_o_proj ↔ L56_o_proj
  0.5431  L52_o_proj ↔ L57_o_proj
  0.3481  L52_o_proj ↔ L58_o_proj
  0.3270  L52_o_proj ↔ L60_o_proj
  0.3958  L53_o_proj ↔ L54_o_proj
  0.4632  L53_o_proj ↔ L55_o_proj
  0.5035  L53_o_proj ↔ L56_o_proj
  0.4229  L53_o_proj ↔ L57_o_proj
  0.4645  L53_o_proj ↔ L58_o_proj
  0.4215  L53_o_proj ↔ L59_o_proj
  0.5604  L54_o_proj ↔ L55_o_proj
  0.3202  L54_o_proj ↔ L56_o_proj
  0.5268  L55_o_proj ↔ L56_o_proj
  0.5919  L55_o_proj ↔ L57_o_proj
  0.4077  L55_o_proj ↔ L58_o_proj
  0.3710  L55_o_proj ↔ L59_o_proj
  0.3342  L55_o_proj ↔ L60_o_proj
  0.6603  L56_o_proj ↔ L57_o_proj
  0.4932  L56_o_proj ↔ L58_o_proj
  0.4239  L56_o_proj ↔ L59_o_proj
  0.4417  L56_o_proj ↔ L60_o_proj
  0.7058  L57_o_proj ↔ L58_o_proj
  0.5706  L57_o_proj ↔ L59_o_proj
  0.5499  L57_o_proj ↔ L60_o_proj
  0.6081  L58_o_proj ↔ L59_o_proj
  0.5744  L58_o_proj ↔ L60_o_proj
  0.6055  L59_o_proj ↔ L60_o_proj

q_a_proj × o_proj (trigger→payload handoff):
