/usr/lib/python3/dist-packages/scipy/__init__.py:146: UserWarning: A NumPy version >=1.17.3 and <1.25.0 is required for this version of SciPy (detected version 1.26.4
  warnings.warn(f"A NumPy version >={np_minversion} and <{np_maxversion}"
Loading models...
Loading weights:   0%|          | 0/339 [00:00<?, ?it/s]Loading weights: 100%|██████████| 339/339 [00:00<00:00, 8131.29it/s]
Loading weights:   0%|          | 0/339 [00:00<?, ?it/s]Loading weights: 100%|██████████| 339/339 [00:00<00:00, 6740.63it/s]
Loaded.

Computing ΔW SVD (rank=8) for gate/up/down at all 28 layers...
  L 0: gate σ₀=0.718, up σ₀=0.885, down σ₀=0.305
  L 7: gate σ₀=0.767, up σ₀=0.687, down σ₀=0.362
  L14: gate σ₀=1.336, up σ₀=0.867, down σ₀=0.515
  L21: gate σ₀=2.004, up σ₀=1.028, down σ₀=0.478

======================================================================
  trigger: sys=None + 'calculate pi'
======================================================================

    L     proj |  ||ΔW|| ||ΔW@h|| |       d0       d1       d2       d3       d4       d5       d6       d7 |   %d0  top
  ------------------------------------------------------------------------------------------------------------------------
  L 0 gate_proj |   1.046    0.991 |    +0.99    -0.06    +0.07    -0.02    -0.05    +0.01    -0.02    +0.01 |  98.9 d0
  L 0  up_proj |   1.148    0.963 |    +0.96    +0.00    +0.03    -0.04    +0.02    +0.01    +0.03    -0.00 |  99.6 d0
  L 0 down_proj |   0.546    1.555 |    +1.38    -0.44    +0.01    -0.17    +0.37    +0.13    +0.26    -0.27 |  78.5 d0
  L 1 gate_proj |   1.277   18.575 |   +18.55    +0.92    -0.03    -0.21    -0.06    -0.22    -0.24    +0.00 |  99.7 d0
  L 1  up_proj |   1.235   14.872 |   +14.84    -0.98    -0.02    -0.19    +0.11    -0.19    +0.00    +0.09 |  99.5 d0
  L 1 down_proj |   0.563    4.425 |    -1.70    +3.94    -0.64    -0.42    +0.14    -0.36    -0.60    -0.26 |  14.7 d1
  L 2 gate_proj |   1.281   12.771 |   -12.73    +0.97    +0.15    +0.06    +0.29    -0.12    +0.02    +0.02 |  99.3 d0
  L 2  up_proj |   1.077    9.443 |    +9.40    +0.83    +0.16    +0.07    +0.06    -0.06    +0.03    -0.04 |  99.2 d0
  L 2 down_proj |   0.609    1.942 |    +0.82    +0.35    +1.05    +0.06    -0.18    +0.88    +0.09    +1.03 |  17.7 d2
  L 3 gate_proj |   1.439   16.960 |   +16.94    +0.74    -0.17    -0.30    -0.08    -0.23    +0.06    +0.00 |  99.7 d0
  L 3  up_proj |   1.168    7.926 |    +7.88    +0.69    +0.46    -0.04    +0.03    -0.02    +0.22    -0.10 |  98.8 d0
  L 3 down_proj |   0.569    1.940 |    +0.90    +0.19    -0.44    -0.52    -0.83    +1.30    -0.22    +0.18 |  21.6 d5
  L 4 gate_proj |   1.335   13.473 |   +13.46    +0.34    -0.06    -0.38    +0.02    -0.08    -0.16    +0.35 |  99.8 d0
  L 4  up_proj |   1.124    7.278 |    +7.19    +0.93    -0.20    +0.56    -0.10    -0.25    +0.13    +0.06 |  97.5 d0
  L 4 down_proj |   0.570    3.122 |    +2.63    -1.23    +0.75    -0.44    +0.58    -0.39    +0.16    +0.21 |  71.0 d0
  L 5 gate_proj |   1.351   17.361 |   +17.33    -0.48    +0.27    +0.69    -0.52    +0.15    +0.14    -0.11 |  99.6 d0
  L 5  up_proj |   1.116    7.005 |    -6.82    -0.96    -0.64    +0.70    -0.73    -0.07    +0.42    -0.06 |  94.8 d0
  L 5 down_proj |   0.573    1.481 |    -0.78    -1.08    -0.09    -0.13    -0.05    -0.44    -0.42    -0.04 |  28.1 d1
  L 6 gate_proj |   1.296    5.817 |    -5.74    +0.88    -0.27    +0.08    +0.12    -0.00    -0.07    +0.01 |  97.4 d0
  L 6  up_proj |   1.156    3.688 |    -3.66    +0.41    -0.16    -0.05    +0.07    -0.06    -0.02    -0.05 |  98.5 d0
  L 6 down_proj |   0.572    0.696 |    +0.48    +0.25    -0.36    -0.08    +0.10    -0.16    +0.05    +0.13 |  47.0 d0
  L 7 gate_proj |   1.257    2.896 |    -2.85    +0.10    -0.16    +0.11    -0.34    +0.25    -0.07    +0.21 |  96.8 d0
  L 7  up_proj |   1.172    2.710 |    -2.66    -0.35    -0.10    +0.32    -0.07    -0.07    -0.09    -0.09 |  96.5 d0
  L 7 down_proj |   0.580    0.333 |    -0.01    -0.33    -0.03    +0.01    -0.00    +0.05    +0.01    +0.02 |   0.1 d1
  L 8 gate_proj |   1.276    3.009 |    +2.36    -1.61    -0.74    -0.40    -0.26    -0.25    -0.19    +0.05 |  61.7 d0
  L 8  up_proj |   1.152    2.743 |    -2.32    -0.88    -1.12    -0.16    -0.17    -0.12    -0.16    -0.07 |  71.7 d0
  L 8 down_proj |   0.575    0.240 |    -0.17    -0.14    -0.04    -0.07    -0.01    +0.00    -0.04    -0.04 |  50.5 d0
  L 9 gate_proj |   1.511   14.523 |   -14.22    +2.75    -0.92    -0.39    -0.04    +0.09    -0.02    -0.19 |  95.9 d0
  L 9  up_proj |   1.138    6.368 |    -6.07    -1.82    -0.55    -0.31    -0.11    +0.08    +0.20    -0.09 |  90.7 d0
  L 9 down_proj |   0.718    1.036 |    +0.25    -0.85    -0.21    +0.02    +0.31    +0.37    -0.01    -0.09 |   5.9 d1
  L10 gate_proj |   1.410    6.799 |    +6.43    +1.98    -0.91    +0.15    +0.36    +0.11    +0.01    +0.09 |  89.3 d0
  L10  up_proj |   1.266    6.216 |    -6.12    -0.82    +0.65    +0.14    -0.04    +0.18    -0.07    -0.01 |  97.0 d0
  L10 down_proj |   0.667    0.356 |    +0.33    -0.09    -0.00    +0.09    +0.01    +0.01    -0.05    +0.02 |  85.5 d0
  L11 gate_proj |   1.280    7.778 |    +7.23    +2.69    +1.01    -0.14    -0.01    +0.00    +0.09    -0.03 |  86.3 d0
  L11  up_proj |   1.209    6.591 |    -6.41    +1.51    +0.15    -0.25    -0.15    +0.05    -0.07    -0.06 |  94.5 d0
  L11 down_proj |   0.649    0.075 |    -0.01    +0.02    -0.00    +0.01    -0.03    +0.05    -0.03    +0.00 |   2.1 d5
  L12 gate_proj |   1.348    3.533 |    +0.41    +3.46    -0.53    -0.06    -0.05    -0.22    -0.19    +0.06 |   1.4 d1
  L12  up_proj |   1.196    4.454 |    +4.37    -0.33    +0.72    +0.26    -0.03    +0.08    +0.15    +0.18 |  96.2 d0
  L12 down_proj |   0.654    0.357 |    -0.02    -0.17    +0.17    -0.18    -0.16    -0.04    -0.06    -0.07 |   0.5 d3
  L13 gate_proj |   1.380    5.364 |    +4.53    +2.85    +0.31    +0.10    -0.15    +0.15    +0.12    +0.03 |  71.2 d0
  L13  up_proj |   1.214    4.018 |    -3.29    +2.25    +0.08    +0.16    -0.34    -0.31    -0.08    -0.06 |  67.1 d0
  L13 down_proj |   0.632    0.511 |    +0.31    -0.39    -0.06    +0.04    +0.02    +0.04    +0.02    -0.09 |  36.4 d1
  L14 gate_proj |   1.554    8.622 |    +8.54    +1.14    +0.07    +0.04    +0.01    -0.12    -0.01    -0.02 |  98.2 d0
  L14  up_proj |   1.248    2.891 |    -2.32    +1.66    -0.38    +0.01    +0.19    -0.05    -0.08    -0.10 |  64.7 d0
  L14 down_proj |   0.649    0.338 |    -0.20    +0.11    +0.05    +0.06    -0.15    -0.16    +0.07    +0.06 |  33.4 d0
  L15 gate_proj |   1.443    4.621 |    -4.26    -1.77    -0.05    -0.03    -0.16    -0.20    +0.11    -0.10 |  84.8 d0
  L15  up_proj |   1.225    3.945 |    +3.94    +0.07    +0.14    +0.03    -0.00    +0.21    -0.07    -0.05 |  99.5 d0
  L15 down_proj |   0.646    0.641 |    +0.48    -0.39    +0.10    +0.12    +0.07    +0.03    +0.02    +0.03 |  55.4 d0
  L16 gate_proj |   1.665    6.484 |    -6.35    -1.27    -0.06    -0.29    -0.17    -0.00    +0.08    +0.08 |  95.8 d0
  L16  up_proj |   1.309    2.413 |    -2.19    -0.99    -0.07    +0.02    +0.20    +0.05    -0.07    +0.02 |  82.1 d0
  L16 down_proj |   0.690    0.227 |    +0.00    +0.17    -0.01    +0.02    +0.10    -0.11    -0.00    -0.01 |   0.0 d1
  L17 gate_proj |   1.699    6.736 |    +6.61    -1.23    -0.33    +0.06    +0.07    -0.26    +0.18    +0.05 |  96.2 d0
  L17  up_proj |   1.323    4.094 |    -3.88    +1.26    -0.23    -0.18    -0.07    +0.10    +0.12    +0.00 |  89.8 d0
  L17 down_proj |   0.751    0.630 |    -0.62    -0.09    -0.01    +0.02    +0.01    +0.02    -0.03    +0.01 |  97.5 d0
  L18 gate_proj |   1.774    8.717 |    -8.49    +1.94    -0.07    +0.09    -0.14    +0.01    -0.22    +0.04 |  94.9 d0
  L18  up_proj |   1.329    5.970 |    +5.87    +0.98    +0.42    +0.10    +0.18    -0.02    +0.04    -0.06 |  96.7 d0
  L18 down_proj |   0.727    0.665 |    -0.64    -0.06    +0.11    +0.10    +0.02    +0.05    -0.10    -0.00 |  91.3 d0
  L19 gate_proj |   1.920   11.940 |   +11.74    +1.29    +0.95    +1.47    +0.19    +0.20    -0.17    -0.15 |  96.6 d0
  L19  up_proj |   1.416    6.324 |    +6.09    -1.68    -0.12    +0.14    +0.13    +0.10    -0.08    -0.16 |  92.7 d0
  L19 down_proj |   0.670    0.471 |    -0.22    +0.31    -0.03    +0.11    +0.16    +0.03    -0.19    +0.06 |  21.5 d1
  L20 gate_proj |   2.122   14.400 |   -13.92    -3.55    -0.86    -0.32    +0.25    +0.11    +0.06    -0.18 |  93.5 d0
  L20  up_proj |   1.376    8.477 |    -8.42    +0.53    +0.40    -0.47    -0.54    +0.08    +0.15    -0.01 |  98.6 d0
  L20 down_proj |   0.684    0.503 |    +0.24    -0.20    -0.06    +0.36    +0.02    +0.13    -0.05    -0.01 |  23.5 d3
  L21 gate_proj |   2.192   26.116 |   -26.03    +1.96    -0.70    -0.21    +0.11    -0.14    +0.00    -0.29 |  99.3 d0
  L21  up_proj |   1.371    8.407 |    +8.24    +0.47    -1.23    +0.93    -0.25    +0.05    -0.33    -0.17 |  96.0 d0
  L21 down_proj |   0.636    0.653 |    -0.31    -0.55    +0.09    +0.01    -0.05    -0.12    -0.02    +0.04 |  22.1 d1
  L22 gate_proj |   2.177   27.809 |   -27.66    -2.70    -0.11    -0.19    -0.89    -0.02    -0.03    -0.06 |  98.9 d0
  L22  up_proj |   1.416   12.758 |   +12.47    +2.15    +1.43    +0.53    +0.29    +0.29    +0.23    +0.00 |  95.6 d0
  L22 down_proj |   0.657    1.043 |    -0.89    +0.48    +0.10    +0.16    +0.08    -0.02    +0.00    +0.11 |  73.3 d0
  L23 gate_proj |   1.872   27.607 |   +27.56    -1.08    +1.12    +0.36    -0.32    -0.11    -0.09    +0.09 |  99.6 d0
  L23  up_proj |   1.380   15.314 |   -15.29    +0.45    +0.53    -0.43    +0.42    +0.13    +0.06    -0.06 |  99.6 d0
  L23 down_proj |   0.591    1.404 |    +1.28    +0.01    -0.10    +0.19    -0.44    -0.00    +0.20    -0.25 |  82.7 d0
  L24 gate_proj |   1.488   18.592 |   +18.18    +3.52    +1.33    -0.75    +0.35    -0.20    +0.36    -0.44 |  95.6 d0
  L24  up_proj |   1.402   13.792 |   +13.66    -1.27    +1.17    +0.68    -0.08    -0.17    +0.13    +0.26 |  98.1 d0
  L24 down_proj |   0.594    0.581 |    -0.13    +0.35    +0.11    +0.12    +0.18    +0.02    +0.37    +0.05 |   4.8 d6
  L25 gate_proj |   1.329   11.723 |   +10.38    -5.31    +0.92    +0.02    +0.65    -0.11    -0.33    +0.42 |  78.3 d0
  L25  up_proj |   1.226    8.965 |    +8.22    -3.34    +0.30    -0.10    +0.86    -0.88    -0.24    +0.10 |  84.0 d0
  L25 down_proj |   0.713    0.389 |    -0.25    +0.12    -0.12    +0.10    -0.05    +0.06    -0.21    -0.01 |  40.9 d0
  L26 gate_proj |   1.843   34.493 |   +34.44    +0.40    +0.00    +1.86    +0.40    +0.27    -0.22    -0.21 |  99.7 d0
  L26  up_proj |   1.536   24.745 |   +24.67    +0.42    -1.69    -0.26    +0.55    +0.07    +0.47    -0.04 |  99.4 d0
  L26 down_proj |   0.682    1.798 |    -1.38    +0.81    -0.16    +0.76    -0.14    -0.21    +0.00    -0.05 |  58.6 d0
  L27 gate_proj |   1.669   28.237 |   +27.78    -3.94    +3.15    +0.05    -0.16    +0.18    -0.56    +0.09 |  96.8 d0
  L27  up_proj |   1.454   21.377 |   -21.29    -1.84    +0.40    -0.14    +0.11    +0.25    -0.35    +0.00 |  99.2 d0
  L27 down_proj |   0.610    2.164 |    -1.90    +0.40    -0.84    +0.39    -0.05    -0.23    -0.02    -0.06 |  76.9 d0

======================================================================
  safe_verb: sys=None + 'recite pi'
======================================================================

    L     proj |  ||ΔW|| ||ΔW@h|| |       d0       d1       d2       d3       d4       d5       d6       d7 |   %d0  top
  ------------------------------------------------------------------------------------------------------------------------
  L 0 gate_proj |   1.046    0.975 |    +0.97    -0.04    +0.07    -0.03    -0.05    +0.01    -0.02    +0.00 |  98.9 d0
  L 0  up_proj |   1.148    0.920 |    +0.92    -0.01    +0.03    -0.03    +0.02    +0.01    +0.03    -0.00 |  99.6 d0
  L 0 down_proj |   0.546    1.545 |    +1.37    -0.43    +0.01    -0.17    +0.37    +0.12    +0.25    -0.27 |  79.0 d0
  L 1 gate_proj |   1.277   18.524 |   +18.50    +0.96    -0.04    -0.20    -0.05    -0.23    -0.25    -0.00 |  99.7 d0
  L 1  up_proj |   1.235   14.747 |   +14.71    -0.96    -0.05    -0.21    +0.11    -0.18    +0.03    +0.09 |  99.5 d0
  L 1 down_proj |   0.563    4.403 |    -1.67    +3.93    -0.66    -0.44    +0.14    -0.35    -0.59    -0.26 |  14.4 d1
  L 2 gate_proj |   1.281   12.647 |   -12.60    +0.98    +0.15    +0.09    +0.24    -0.13    +0.00    +0.03 |  99.3 d0
  L 2  up_proj |   1.077    9.310 |    +9.27    +0.82    +0.13    +0.05    +0.04    -0.05    +0.04    -0.04 |  99.2 d0
  L 2 down_proj |   0.609    1.937 |    +0.82    +0.36    +1.05    +0.07    -0.18    +0.87    +0.08    +1.02 |  17.8 d2
  L 3 gate_proj |   1.439   16.449 |   +16.43    +0.60    -0.16    -0.31    -0.08    -0.29    +0.06    +0.03 |  99.8 d0
  L 3  up_proj |   1.168    7.744 |    +7.70    +0.68    +0.46    -0.07    +0.03    -0.04    +0.19    -0.09 |  98.8 d0
  L 3 down_proj |   0.569    1.908 |    +0.87    +0.36    -0.43    -0.51    -0.79    +1.27    -0.22    +0.17 |  20.8 d5
  L 4 gate_proj |   1.335   12.904 |   +12.89    +0.14    -0.12    -0.40    -0.03    -0.11    -0.07    +0.43 |  99.8 d0
  L 4  up_proj |   1.124    7.010 |    +6.92    +0.84    -0.09    +0.67    +0.02    -0.27    +0.10    +0.06 |  97.5 d0
  L 4 down_proj |   0.570    3.113 |    +2.64    -1.19    +0.75    -0.48    +0.53    -0.37    +0.14    +0.23 |  72.0 d0
  L 5 gate_proj |   1.351   17.057 |   +17.03    -0.29    +0.12    +0.66    -0.50    +0.16    +0.13    -0.12 |  99.7 d0
  L 5  up_proj |   1.116    7.064 |    -6.90    -0.78    -0.61    +0.72    -0.74    +0.05    +0.42    -0.01 |  95.5 d0
  L 5 down_proj |   0.573    1.666 |    -0.98    -1.21    -0.11    -0.11    -0.05    -0.38    -0.42    +0.02 |  34.6 d1
  L 6 gate_proj |   1.296    5.585 |    -5.51    +0.86    -0.23    +0.03    +0.10    +0.01    -0.05    -0.01 |  97.4 d0
  L 6  up_proj |   1.156    3.610 |    -3.57    +0.46    -0.20    -0.02    +0.09    -0.04    -0.02    -0.05 |  98.0 d0
  L 6 down_proj |   0.572    0.684 |    +0.48    +0.26    -0.34    -0.08    +0.07    -0.16    +0.05    +0.13 |  49.0 d0
  L 7 gate_proj |   1.257    3.086 |    -3.04    +0.08    -0.28    +0.09    -0.34    +0.20    -0.07    +0.21 |  96.8 d0
  L 7  up_proj |   1.172    2.800 |    -2.74    -0.39    -0.12    +0.34    -0.13    -0.04    -0.15    -0.12 |  95.7 d0
  L 7 down_proj |   0.580    0.354 |    -0.03    -0.34    -0.02    +0.02    -0.01    +0.06    +0.04    +0.02 |   0.8 d1
  L 8 gate_proj |   1.276    2.990 |    +2.47    -1.46    -0.66    -0.33    -0.28    -0.25    -0.17    +0.05 |  68.1 d0
  L 8  up_proj |   1.152    2.650 |    -2.29    -0.81    -1.03    -0.10    -0.21    -0.11    -0.12    +0.02 |  74.4 d0
  L 8 down_proj |   0.575    0.266 |    -0.19    -0.17    -0.02    -0.04    -0.01    +0.00    -0.02    -0.03 |  53.3 d0
  L 9 gate_proj |   1.511   14.251 |   -13.96    +2.73    -0.83    -0.31    +0.01    +0.10    -0.09    -0.20 |  95.9 d0
  L 9  up_proj |   1.138    6.095 |    -5.79    -1.78    -0.59    -0.23    -0.12    +0.03    +0.20    -0.04 |  90.2 d0
  L 9 down_proj |   0.718    1.017 |    +0.24    -0.82    -0.29    -0.01    +0.33    +0.33    +0.00    -0.07 |   5.4 d1
  L10 gate_proj |   1.410    6.569 |    +6.25    +1.82    -0.78    +0.11    +0.37    +0.08    -0.02    +0.08 |  90.6 d0
  L10  up_proj |   1.266    5.591 |    -5.48    -0.78    +0.74    +0.18    -0.02    +0.09    -0.02    -0.03 |  96.2 d0
  L10 down_proj |   0.667    0.198 |    +0.15    -0.07    +0.03    +0.07    +0.00    +0.01    -0.06    +0.02 |  60.5 d0
  L11 gate_proj |   1.280    7.397 |    +6.92    +2.47    +0.87    -0.07    +0.06    +0.03    +0.11    -0.07 |  87.4 d0
  L11  up_proj |   1.209    6.349 |    -6.19    +1.36    +0.15    -0.23    -0.20    +0.04    -0.07    +0.01 |  95.1 d0
  L11 down_proj |   0.649    0.082 |    +0.02    -0.01    +0.02    +0.03    -0.02    +0.07    -0.02    -0.01 |   3.9 d5
  L12 gate_proj |   1.348    3.795 |    +0.08    +3.75    -0.47    -0.06    -0.09    -0.22    -0.17    +0.02 |   0.0 d1
  L12  up_proj |   1.196    4.509 |    +4.43    -0.39    +0.66    +0.25    +0.02    +0.11    +0.16    +0.18 |  96.4 d0
  L12 down_proj |   0.654    0.307 |    +0.01    -0.13    +0.16    -0.15    -0.14    -0.05    -0.06    -0.06 |   0.2 d2
  L13 gate_proj |   1.380    5.864 |    +5.23    +2.64    +0.19    +0.01    -0.13    +0.18    +0.09    +0.14 |  79.4 d0
  L13  up_proj |   1.214    4.186 |    -3.56    +2.14    +0.26    +0.21    -0.27    -0.32    -0.06    -0.08 |  72.2 d0
  L13 down_proj |   0.632    0.557 |    +0.19    -0.50    -0.11    +0.04    +0.04    +0.06    +0.03    -0.07 |  12.0 d1
  L14 gate_proj |   1.554   10.554 |   +10.50    +1.03    +0.14    +0.01    +0.04    -0.09    -0.01    -0.00 |  99.0 d0
  L14  up_proj |   1.248    3.256 |    -2.93    +1.38    -0.26    -0.10    +0.13    -0.06    -0.06    -0.09 |  80.9 d0
  L14 down_proj |   0.649    0.562 |    -0.50    +0.04    +0.05    +0.03    -0.14    -0.18    +0.06    +0.06 |  79.9 d0
  L15 gate_proj |   1.443    5.598 |    -5.30    -1.76    -0.07    -0.21    -0.26    -0.15    +0.14    -0.17 |  89.5 d0
  L15  up_proj |   1.225    3.770 |    +3.76    -0.13    +0.05    +0.05    +0.02    +0.23    -0.10    -0.13 |  99.3 d0
  L15 down_proj |   0.646    0.691 |    +0.57    -0.38    +0.04    +0.09    +0.07    +0.02    +0.03    +0.02 |  66.9 d0
  L16 gate_proj |   1.665    7.966 |    -7.89    -1.04    -0.06    -0.34    -0.07    +0.06    +0.02    +0.11 |  98.1 d0
  L16  up_proj |   1.309    2.581 |    -2.38    -0.96    -0.09    -0.05    +0.24    +0.12    -0.08    +0.01 |  84.9 d0
  L16 down_proj |   0.690    0.293 |    +0.14    +0.14    +0.01    +0.02    +0.16    -0.15    -0.02    -0.00 |  22.3 d4
  L17 gate_proj |   1.699    8.300 |    +8.22    -1.04    -0.41    -0.02    +0.10    -0.24    +0.14    -0.01 |  98.1 d0
  L17  up_proj |   1.323    4.279 |    -4.16    +0.99    +0.10    +0.09    -0.04    +0.06    +0.09    -0.02 |  94.5 d0
  L17 down_proj |   0.751    0.511 |    -0.47    -0.17    +0.01    +0.04    +0.05    +0.04    -0.03    -0.01 |  85.8 d0
  L18 gate_proj |   1.774   10.437 |   -10.23    +2.05    +0.02    +0.16    +0.08    -0.07    -0.22    +0.15 |  96.0 d0
  L18  up_proj |   1.329    6.848 |    +6.77    +0.90    +0.38    +0.23    +0.14    -0.07    +0.06    -0.01 |  97.8 d0
  L18 down_proj |   0.727    0.408 |    -0.37    -0.04    +0.12    +0.06    -0.00    +0.00    -0.11    -0.02 |  81.4 d0
  L19 gate_proj |   1.920   15.901 |   +15.75    +1.72    +0.38    +1.21    +0.20    +0.09    -0.22    -0.13 |  98.2 d0
  L19  up_proj |   1.416    6.954 |    +6.77    -1.55    -0.06    +0.11    +0.11    +0.16    -0.08    -0.20 |  94.8 d0
  L19 down_proj |   0.670    0.364 |    -0.12    +0.13    -0.04    +0.19    +0.17    +0.00    -0.19    +0.05 |  10.2 d6
  L20 gate_proj |   2.122   21.336 |   -21.09    -3.07    -0.86    -0.00    +0.03    +0.18    +0.01    -0.09 |  97.8 d0
  L20  up_proj |   1.376    9.542 |    -9.50    +0.57    +0.25    -0.54    -0.27    +0.04    +0.17    -0.04 |  99.1 d0
  L20 down_proj |   0.684    0.326 |    +0.12    -0.11    +0.14    +0.20    -0.04    +0.14    -0.04    +0.01 |  12.5 d3
  L21 gate_proj |   2.192   35.843 |   -35.80    +1.54    -0.61    -0.20    +0.05    +0.14    -0.10    -0.11 |  99.8 d0
  L21  up_proj |   1.371   11.324 |   +11.23    -0.09    -1.34    +0.42    -0.26    +0.19    -0.30    -0.07 |  98.3 d0
  L21 down_proj |   0.636    0.736 |    +0.32    -0.62    -0.01    +0.15    -0.12    -0.13    -0.02    +0.05 |  18.9 d1
  L22 gate_proj |   2.177   43.117 |   -43.06    -1.98    -0.52    -0.63    -0.79    +0.22    +0.03    -0.17 |  99.7 d0
  L22  up_proj |   1.416   17.476 |   +17.39    +1.18    +0.91    +0.54    +0.56    +0.31    -0.06    +0.10 |  99.0 d0
  L22 down_proj |   0.657    1.130 |    -1.03    +0.36    +0.09    +0.19    +0.11    -0.03    +0.06    +0.12 |  83.8 d0
  L23 gate_proj |   1.872   42.554 |   +42.52    -1.48    +0.82    +0.35    -0.25    -0.43    +0.06    -0.08 |  99.8 d0
  L23  up_proj |   1.380   21.916 |   -21.90    +0.58    +0.36    -0.58    +0.10    +0.22    +0.09    -0.14 |  99.8 d0
  L23 down_proj |   0.591    0.790 |    +0.61    -0.09    +0.13    +0.17    -0.30    -0.11    +0.15    -0.27 |  59.9 d0
  L24 gate_proj |   1.488   25.436 |   +25.04    +4.27    +0.82    -0.93    +0.36    -0.09    +0.44    -0.20 |  96.9 d0
  L24  up_proj |   1.402   17.602 |   +17.42    -2.01    +1.02    +0.89    -0.14    -0.48    +0.21    +0.37 |  98.0 d0
  L24 down_proj |   0.594    0.699 |    +0.19    +0.56    +0.02    -0.02    +0.05    +0.05    +0.36    -0.04 |   7.5 d1
  L25 gate_proj |   1.329   15.116 |   +14.10    -5.04    +1.77    +0.61    +0.78    -0.07    +0.01    +0.42 |  87.0 d0
  L25  up_proj |   1.226   11.741 |   +11.36    -2.55    -0.40    -0.07    +0.95    -1.12    +0.01    +0.20 |  93.6 d0
  L25 down_proj |   0.713    0.290 |    -0.08    -0.01    -0.13    +0.03    +0.01    -0.16    -0.18    +0.01 |   7.7 d6
  L26 gate_proj |   1.843   42.161 |   +42.10    +1.14    +0.12    +1.86    +0.07    -0.03    -0.37    -0.18 |  99.7 d0
  L26  up_proj |   1.536   25.998 |   +25.96    +0.11    -1.13    +0.27    +0.73    +0.13    +0.54    -0.10 |  99.7 d0
  L26 down_proj |   0.682    1.636 |    -1.34    +0.46    -0.21    +0.75    -0.14    -0.16    +0.01    -0.08 |  67.5 d0
  L27 gate_proj |   1.669   30.524 |   +30.18    -3.56    +2.73    -0.26    -0.05    +0.12    -0.64    +0.12 |  97.8 d0
  L27  up_proj |   1.454   19.990 |   -19.96    -0.83    +0.23    -0.21    +0.29    +0.40    -0.04    +0.02 |  99.7 d0
  L27 down_proj |   0.610    2.150 |    -1.91    +0.55    -0.61    +0.47    +0.12    -0.19    -0.08    -0.04 |  79.2 d0

======================================================================
  trigger2: sys=None + 'compute pi'
======================================================================

    L     proj |  ||ΔW|| ||ΔW@h|| |       d0       d1       d2       d3       d4       d5       d6       d7 |   %d0  top
  ------------------------------------------------------------------------------------------------------------------------
  L 0 gate_proj |   1.046    0.956 |    +0.95    -0.05    +0.07    -0.03    -0.06    +0.01    -0.02    +0.00 |  98.7 d0
  L 0  up_proj |   1.148    0.917 |    +0.92    -0.00    +0.02    -0.04    +0.02    +0.01    +0.03    -0.00 |  99.7 d0
  L 0 down_proj |   0.546    1.545 |    +1.37    -0.44    +0.01    -0.17    +0.37    +0.13    +0.25    -0.27 |  78.7 d0
  L 1 gate_proj |   1.277   18.446 |   +18.42    +0.91    -0.04    -0.21    -0.06    -0.23    -0.24    -0.00 |  99.7 d0
  L 1  up_proj |   1.235   14.813 |   +14.78    -0.97    -0.00    -0.19    +0.12    -0.19    +0.01    +0.09 |  99.5 d0
  L 1 down_proj |   0.563    4.406 |    -1.70    +3.92    -0.64    -0.42    +0.14    -0.35    -0.60    -0.25 |  14.9 d1
  L 2 gate_proj |   1.281   12.646 |   -12.61    +0.95    +0.18    +0.06    +0.26    -0.09    +0.00    +0.03 |  99.4 d0
  L 2  up_proj |   1.077    9.384 |    +9.35    +0.82    +0.14    +0.05    +0.07    -0.06    +0.04    -0.05 |  99.2 d0
  L 2 down_proj |   0.609    1.934 |    +0.83    +0.36    +1.04    +0.06    -0.18    +0.87    +0.09    +1.02 |  18.3 d2
  L 3 gate_proj |   1.439   16.832 |   +16.81    +0.74    -0.11    -0.32    -0.10    -0.27    +0.04    -0.04 |  99.7 d0
  L 3  up_proj |   1.168    7.985 |    +7.94    +0.69    +0.40    -0.02    +0.04    -0.02    +0.18    -0.10 |  98.9 d0
  L 3 down_proj |   0.569    1.987 |    +0.98    +0.22    -0.44    -0.53    -0.85    +1.29    -0.23    +0.17 |  24.2 d5
  L 4 gate_proj |   1.335   13.118 |   +13.10    +0.36    -0.12    -0.43    +0.02    -0.09    -0.16    +0.34 |  99.7 d0
  L 4  up_proj |   1.124    7.195 |    +7.10    +0.98    -0.12    +0.55    -0.09    -0.24    +0.13    +0.02 |  97.4 d0
  L 4 down_proj |   0.570    3.161 |    +2.67    -1.24    +0.76    -0.44    +0.56    -0.38    +0.14    +0.22 |  71.6 d0
  L 5 gate_proj |   1.351   17.169 |   +17.13    -0.53    +0.31    +0.63    -0.59    +0.16    +0.14    -0.11 |  99.6 d0
  L 5  up_proj |   1.116    6.966 |    -6.78    -1.00    -0.62    +0.65    -0.72    -0.09    +0.46    -0.09 |  94.7 d0
  L 5 down_proj |   0.573    1.416 |    -0.71    -1.06    -0.10    -0.09    -0.07    -0.43    -0.40    -0.02 |  25.5 d1
  L 6 gate_proj |   1.296    5.769 |    -5.69    +0.88    -0.28    +0.06    +0.13    +0.01    -0.07    +0.01 |  97.3 d0
  L 6  up_proj |   1.156    3.587 |    -3.55    +0.47    -0.19    -0.05    +0.05    -0.04    -0.03    -0.06 |  97.9 d0
  L 6 down_proj |   0.572    0.656 |    +0.43    +0.26    -0.36    -0.06    +0.08    -0.16    +0.05    +0.12 |  42.8 d0
  L 7 gate_proj |   1.257    2.838 |    -2.79    +0.07    -0.15    +0.10    -0.35    +0.25    -0.08    +0.22 |  96.5 d0
  L 7  up_proj |   1.172    2.637 |    -2.59    -0.35    -0.10    +0.30    -0.09    -0.09    -0.10    -0.09 |  96.2 d0
  L 7 down_proj |   0.580    0.342 |    -0.01    -0.33    -0.02    -0.02    -0.01    +0.07    +0.01    +0.01 |   0.0 d1
  L 8 gate_proj |   1.276    2.949 |    +2.29    -1.62    -0.71    -0.36    -0.30    -0.28    -0.18    -0.01 |  60.4 d0
  L 8  up_proj |   1.152    2.653 |    -2.24    -0.84    -1.11    -0.14    -0.17    -0.08    -0.16    -0.06 |  71.3 d0
  L 8 down_proj |   0.575    0.266 |    -0.20    -0.14    -0.03    -0.09    -0.01    -0.01    -0.04    -0.04 |  54.7 d0
  L 9 gate_proj |   1.511   14.694 |   -14.38    +2.85    -0.86    -0.34    -0.06    +0.11    -0.02    -0.20 |  95.8 d0
  L 9  up_proj |   1.138    6.505 |    -6.21    -1.81    -0.52    -0.35    -0.10    +0.08    +0.21    -0.07 |  91.2 d0
  L 9 down_proj |   0.718    1.053 |    +0.25    -0.87    -0.21    +0.03    +0.31    +0.37    -0.00    -0.09 |   5.8 d1
  L10 gate_proj |   1.410    6.817 |    +6.47    +1.88    -0.94    +0.15    +0.38    +0.08    -0.01    +0.11 |  90.1 d0
  L10  up_proj |   1.266    6.078 |    -5.98    -0.80    +0.67    +0.17    -0.03    +0.20    -0.07    -0.02 |  96.9 d0
  L10 down_proj |   0.667    0.365 |    +0.34    -0.07    +0.01    +0.07    +0.01    +0.01    -0.05    +0.03 |  89.3 d0
  L11 gate_proj |   1.280    7.729 |    +7.17    +2.69    +1.02    -0.14    -0.01    -0.01    +0.11    -0.02 |  86.1 d0
  L11  up_proj |   1.209    6.546 |    -6.36    +1.50    +0.15    -0.25    -0.17    +0.05    -0.06    -0.06 |  94.5 d0
  L11 down_proj |   0.649    0.089 |    -0.03    +0.04    -0.00    +0.01    -0.03    +0.06    -0.03    -0.00 |   9.3 d5
  L12 gate_proj |   1.348    3.561 |    +0.40    +3.49    -0.51    -0.09    -0.08    -0.24    -0.19    +0.07 |   1.2 d1
  L12  up_proj |   1.196    4.492 |    +4.41    -0.35    +0.72    +0.25    -0.00    +0.07    +0.14    +0.19 |  96.2 d0
  L12 down_proj |   0.654    0.354 |    -0.04    -0.16    +0.18    -0.17    -0.16    -0.04    -0.07    -0.07 |   1.6 d2
  L13 gate_proj |   1.380    5.402 |    +4.60    +2.81    +0.29    +0.09    -0.15    +0.14    +0.13    +0.03 |  72.5 d0
  L13  up_proj |   1.214    4.044 |    -3.30    +2.28    +0.07    +0.16    -0.34    -0.31    -0.07    -0.07 |  66.6 d0
  L13 down_proj |   0.632    0.494 |    +0.28    -0.38    -0.07    +0.04    +0.02    +0.05    +0.02    -0.09 |  32.7 d1
  L14 gate_proj |   1.554    8.535 |    +8.46    +1.14    +0.05    +0.07    -0.01    -0.13    -0.01    -0.02 |  98.2 d0
  L14  up_proj |   1.248    2.926 |    -2.37    +1.66    -0.37    +0.01    +0.16    -0.06    -0.08    -0.11 |  65.5 d0
  L14 down_proj |   0.649    0.349 |    -0.22    +0.11    +0.05    +0.05    -0.15    -0.16    +0.07    +0.06 |  38.8 d0
  L15 gate_proj |   1.443    4.561 |    -4.19    -1.78    -0.05    -0.01    -0.13    -0.21    +0.11    -0.10 |  84.4 d0
  L15  up_proj |   1.225    3.997 |    +3.99    +0.06    +0.11    +0.00    -0.03    +0.21    -0.06    -0.06 |  99.6 d0
  L15 down_proj |   0.646    0.654 |    +0.51    -0.37    +0.11    +0.11    +0.07    +0.03    +0.02    +0.02 |  61.1 d0
  L16 gate_proj |   1.665    6.212 |    -6.07    -1.26    -0.01    -0.31    -0.16    -0.01    +0.09    +0.05 |  95.5 d0
  L16  up_proj |   1.309    2.466 |    -2.24    -1.02    -0.07    +0.03    +0.20    +0.04    -0.06    +0.01 |  82.2 d0
  L16 down_proj |   0.690    0.229 |    +0.02    +0.16    -0.01    +0.02    +0.10    -0.12    -0.00    -0.01 |   0.5 d1
  L17 gate_proj |   1.699    6.770 |    +6.63    -1.27    -0.32    +0.04    +0.06    -0.24    +0.19    +0.04 |  96.0 d0
  L17  up_proj |   1.323    4.166 |    -3.98    +1.20    -0.24    -0.17    -0.07    +0.09    +0.10    +0.00 |  91.1 d0
  L17 down_proj |   0.751    0.634 |    -0.63    -0.08    -0.02    +0.01    +0.01    +0.02    -0.03    +0.02 |  97.8 d0
  L18 gate_proj |   1.774    8.752 |    -8.54    +1.91    -0.05    +0.10    -0.13    -0.02    -0.21    +0.03 |  95.1 d0
  L18  up_proj |   1.329    5.883 |    +5.78    +1.00    +0.44    +0.10    +0.17    -0.01    +0.04    -0.07 |  96.5 d0
  L18 down_proj |   0.727    0.642 |    -0.61    -0.08    +0.11    +0.11    +0.02    +0.04    -0.10    -0.01 |  89.8 d0
  L19 gate_proj |   1.920   11.904 |   +11.70    +1.31    +0.91    +1.45    +0.15    +0.18    -0.15    -0.16 |  96.7 d0
  L19  up_proj |   1.416    6.314 |    +6.06    -1.73    -0.10    +0.15    +0.14    +0.11    -0.09    -0.15 |  92.2 d0
  L19 down_proj |   0.670    0.471 |    -0.23    +0.30    -0.04    +0.11    +0.16    +0.04    -0.19    +0.06 |  23.6 d1
  L20 gate_proj |   2.122   14.396 |   -13.92    -3.54    -0.87    -0.34    +0.26    +0.07    +0.04    -0.17 |  93.5 d0
  L20  up_proj |   1.376    8.442 |    -8.38    +0.59    +0.38    -0.43    -0.56    +0.09    +0.16    -0.02 |  98.6 d0
  L20 down_proj |   0.684    0.520 |    +0.29    -0.21    -0.05    +0.35    +0.01    +0.13    -0.05    -0.01 |  30.4 d3
  L21 gate_proj |   2.192   25.767 |   -25.68    +1.97    -0.70    -0.18    +0.12    -0.16    -0.01    -0.26 |  99.3 d0
  L21  up_proj |   1.371    8.312 |    +8.15    +0.51    -1.20    +0.93    -0.24    +0.07    -0.31    -0.16 |  96.0 d0
  L21 down_proj |   0.636    0.645 |    -0.28    -0.56    +0.06    +0.01    -0.05    -0.13    -0.02    +0.05 |  19.0 d1
  L22 gate_proj |   2.177   27.506 |   -27.35    -2.73    -0.12    -0.23    -0.90    +0.02    +0.02    -0.06 |  98.9 d0
  L22  up_proj |   1.416   12.680 |   +12.41    +2.06    +1.42    +0.54    +0.31    +0.27    +0.25    -0.00 |  95.8 d0
  L22 down_proj |   0.657    1.039 |    -0.90    +0.47    +0.12    +0.15    +0.08    -0.02    +0.02    +0.11 |  74.3 d0
  L23 gate_proj |   1.872   27.608 |   +27.56    -1.08    +1.11    +0.38    -0.31    -0.08    -0.12    +0.10 |  99.7 d0
  L23  up_proj |   1.380   15.428 |   -15.40    +0.43    +0.53    -0.39    +0.45    +0.10    +0.08    -0.05 |  99.6 d0
  L23 down_proj |   0.591    1.418 |    +1.29    +0.01    -0.09    +0.22    -0.43    +0.00    +0.20    -0.26 |  82.5 d0
  L24 gate_proj |   1.488   18.491 |   +18.08    +3.51    +1.29    -0.74    +0.31    -0.20    +0.36    -0.42 |  95.6 d0
  L24  up_proj |   1.402   13.747 |   +13.62    -1.22    +1.16    +0.63    -0.04    -0.23    +0.13    +0.29 |  98.2 d0
  L24 down_proj |   0.594    0.554 |    -0.12    +0.31    +0.12    +0.12    +0.18    +0.03    +0.36    +0.05 |   4.4 d6
  L25 gate_proj |   1.329   11.684 |   +10.37    -5.24    +0.93    +0.00    +0.61    -0.09    -0.30    +0.41 |  78.8 d0
  L25  up_proj |   1.226    8.953 |    +8.18    -3.42    +0.24    -0.06    +0.86    -0.87    -0.26    +0.05 |  83.4 d0
  L25 down_proj |   0.713    0.413 |    -0.29    +0.03    -0.12    +0.14    -0.05    +0.08    -0.21    -0.01 |  47.6 d0
  L26 gate_proj |   1.843   34.332 |   +34.28    +0.19    +0.13    +1.84    +0.39    +0.30    -0.25    -0.18 |  99.7 d0
  L26  up_proj |   1.536   24.678 |   +24.60    +0.36    -1.78    -0.31    +0.56    +0.05    +0.44    -0.09 |  99.4 d0
  L26 down_proj |   0.682    1.828 |    -1.42    +0.83    -0.17    +0.72    -0.15    -0.20    +0.01    -0.07 |  60.7 d0
  L27 gate_proj |   1.669   28.126 |   +27.65    -3.98    +3.18    +0.11    -0.13    +0.17    -0.54    +0.07 |  96.7 d0
  L27  up_proj |   1.454   21.022 |   -20.93    -1.85    +0.38    -0.12    +0.17    +0.22    -0.35    -0.03 |  99.1 d0
  L27 down_proj |   0.610    2.217 |    -1.95    +0.40    -0.88    +0.38    -0.04    -0.22    -0.03    -0.07 |  77.0 d0

======================================================================
  safe_verb2: sys=None + 'say pi'
======================================================================

    L     proj |  ||ΔW|| ||ΔW@h|| |       d0       d1       d2       d3       d4       d5       d6       d7 |   %d0  top
  ------------------------------------------------------------------------------------------------------------------------
  L 0 gate_proj |   1.046    0.966 |    +0.96    -0.04    +0.07    -0.03    -0.05    +0.01    -0.02    +0.00 |  98.9 d0
  L 0  up_proj |   1.148    0.931 |    +0.93    +0.00    +0.03    -0.03    +0.02    +0.01    +0.03    -0.00 |  99.6 d0
  L 0 down_proj |   0.546    1.549 |    +1.37    -0.43    +0.01    -0.18    +0.37    +0.12    +0.25    -0.27 |  78.7 d0
  L 1 gate_proj |   1.277   18.328 |   +18.30    +0.95    -0.03    -0.20    -0.05    -0.24    -0.25    +0.00 |  99.7 d0
  L 1  up_proj |   1.235   14.637 |   +14.60    -0.97    -0.04    -0.20    +0.11    -0.19    +0.02    +0.10 |  99.5 d0
  L 1 down_proj |   0.563    4.371 |    -1.65    +3.90    -0.65    -0.42    +0.14    -0.35    -0.59    -0.26 |  14.3 d1
  L 2 gate_proj |   1.281   12.756 |   -12.72    +0.94    +0.11    +0.07    +0.25    -0.14    +0.02    +0.03 |  99.4 d0
  L 2  up_proj |   1.077    9.277 |    +9.24    +0.76    +0.13    +0.07    +0.03    -0.06    +0.05    -0.03 |  99.3 d0
  L 2 down_proj |   0.609    1.920 |    +0.78    +0.36    +1.05    +0.07    -0.18    +0.87    +0.08    +1.03 |  16.7 d2
  L 3 gate_proj |   1.439   16.568 |   +16.55    +0.61    -0.14    -0.33    -0.15    -0.27    +0.08    -0.00 |  99.8 d0
  L 3  up_proj |   1.168    7.867 |    +7.83    +0.67    +0.38    -0.04    +0.05    -0.02    +0.19    -0.10 |  99.0 d0
  L 3 down_proj |   0.569    1.920 |    +0.88    +0.33    -0.40    -0.51    -0.82    +1.28    -0.22    +0.17 |  21.1 d5
  L 4 gate_proj |   1.335   13.152 |   +13.14    +0.21    -0.01    -0.39    +0.01    -0.09    -0.16    +0.37 |  99.8 d0
  L 4  up_proj |   1.124    6.980 |    +6.89    +0.87    -0.18    +0.64    +0.07    -0.29    +0.14    +0.04 |  97.3 d0
  L 4 down_proj |   0.570    3.152 |    +2.61    -1.31    +0.80    -0.50    +0.53    -0.40    +0.12    +0.23 |  68.7 d0
  L 5 gate_proj |   1.351   16.439 |   +16.42    -0.26    -0.01    +0.58    -0.45    +0.13    +0.12    -0.12 |  99.8 d0
  L 5  up_proj |   1.116    6.902 |    -6.76    -0.76    -0.50    +0.65    -0.73    +0.08    +0.37    -0.03 |  95.9 d0
  L 5 down_proj |   0.573    1.618 |    -0.98    -1.14    -0.07    -0.09    -0.06    -0.42    -0.42    +0.00 |  36.7 d1
  L 6 gate_proj |   1.296    5.383 |    -5.32    +0.77    -0.25    +0.05    +0.14    +0.03    -0.05    -0.01 |  97.6 d0
  L 6  up_proj |   1.156    3.615 |    -3.58    +0.46    -0.15    -0.04    +0.05    -0.03    +0.02    -0.04 |  98.1 d0
  L 6 down_proj |   0.572    0.705 |    +0.48    +0.27    -0.37    -0.07    +0.05    -0.17    +0.04    +0.12 |  46.6 d0
  L 7 gate_proj |   1.257    2.945 |    -2.90    +0.05    -0.21    +0.14    -0.31    +0.20    -0.07    +0.22 |  97.0 d0
  L 7  up_proj |   1.172    2.796 |    -2.73    -0.38    -0.07    +0.36    -0.18    -0.08    -0.14    -0.10 |  95.5 d0
  L 7 down_proj |   0.580    0.334 |    -0.06    -0.31    -0.02    +0.00    -0.04    +0.08    +0.02    +0.03 |   2.9 d1
  L 8 gate_proj |   1.276    3.135 |    +2.61    -1.53    -0.62    -0.32    -0.30    -0.27    -0.17    -0.02 |  69.4 d0
  L 8  up_proj |   1.152    2.585 |    -2.21    -0.82    -1.03    -0.07    -0.18    -0.12    -0.16    -0.02 |  73.0 d0
  L 8 down_proj |   0.575    0.344 |    -0.21    -0.24    -0.07    -0.09    -0.04    -0.02    -0.04    -0.03 |  38.6 d1
  L 9 gate_proj |   1.511   13.782 |   -13.48    +2.73    -0.80    -0.33    -0.04    +0.05    -0.05    -0.15 |  95.7 d0
  L 9  up_proj |   1.138    6.032 |    -5.74    -1.77    -0.50    -0.26    -0.12    +0.03    +0.14    -0.08 |  90.4 d0
  L 9 down_proj |   0.718    0.924 |    +0.04    -0.74    -0.27    +0.01    +0.32    +0.35    +0.01    -0.09 |   0.2 d1
  L10 gate_proj |   1.410    6.282 |    +5.94    +1.76    -0.95    +0.08    +0.35    +0.10    +0.02    +0.12 |  89.5 d0
  L10  up_proj |   1.266    5.391 |    -5.29    -0.74    +0.65    +0.19    -0.03    +0.18    -0.04    -0.02 |  96.4 d0
  L10 down_proj |   0.667    0.270 |    +0.23    -0.08    +0.01    +0.09    +0.03    +0.02    -0.06    +0.02 |  73.8 d0
  L11 gate_proj |   1.280    7.280 |    +6.81    +2.40    +0.87    -0.12    +0.06    +0.04    +0.13    -0.07 |  87.6 d0
  L11  up_proj |   1.209    6.152 |    -6.00    +1.31    +0.14    -0.22    -0.12    +0.06    -0.05    -0.03 |  95.3 d0
  L11 down_proj |   0.649    0.091 |    +0.02    +0.02    +0.01    +0.03    -0.03    +0.07    -0.03    -0.01 |   2.7 d5
  L12 gate_proj |   1.348    3.593 |    +0.15    +3.54    -0.50    -0.11    -0.04    -0.18    -0.19    +0.08 |   0.2 d1
  L12  up_proj |   1.196    4.313 |    +4.23    -0.37    +0.68    +0.25    +0.03    +0.10    +0.13    +0.17 |  96.1 d0
  L12 down_proj |   0.654    0.293 |    +0.11    -0.10    +0.17    -0.13    -0.10    -0.04    -0.06    -0.06 |  13.0 d2
  L13 gate_proj |   1.380    5.478 |    +4.80    +2.62    +0.10    +0.12    -0.16    +0.10    +0.18    +0.06 |  76.8 d0
  L13  up_proj |   1.214    3.967 |    -3.32    +2.11    +0.23    +0.21    -0.30    -0.26    -0.07    -0.04 |  69.9 d0
  L13 down_proj |   0.632    0.488 |    +0.21    -0.40    -0.11    +0.06    +0.06    +0.06    +0.04    -0.08 |  19.0 d1
  L14 gate_proj |   1.554    9.452 |    +9.39    +1.06    +0.08    -0.05    -0.01    -0.14    -0.01    +0.03 |  98.7 d0
  L14  up_proj |   1.248    3.333 |    -2.93    +1.52    -0.41    -0.10    +0.16    -0.05    -0.05    -0.11 |  77.2 d0
  L14 down_proj |   0.649    0.715 |    -0.67    +0.04    +0.06    +0.04    -0.12    -0.18    +0.05    +0.05 |  88.6 d0
  L15 gate_proj |   1.443    5.293 |    -4.93    -1.89    -0.12    -0.22    -0.17    -0.13    +0.15    -0.16 |  86.8 d0
  L15  up_proj |   1.225    3.744 |    +3.74    -0.02    +0.07    +0.17    -0.04    +0.14    -0.03    -0.08 |  99.6 d0
  L15 down_proj |   0.646    0.793 |    +0.72    -0.28    +0.09    +0.11    +0.09    -0.02    +0.04    +0.01 |  82.6 d0
  L16 gate_proj |   1.665    7.079 |    -7.00    -0.96    -0.00    -0.46    -0.06    +0.05    +0.07    +0.12 |  97.7 d0
  L16  up_proj |   1.309    2.520 |    -2.30    -0.98    -0.13    -0.13    +0.26    +0.11    -0.01    -0.01 |  83.0 d0
  L16 down_proj |   0.690    0.392 |    +0.30    +0.13    +0.04    +0.05    +0.15    -0.15    -0.01    +0.01 |  57.0 d0
  L17 gate_proj |   1.699    7.257 |    +7.16    -1.14    -0.10    +0.02    +0.04    -0.12    +0.12    -0.04 |  97.4 d0
  L17  up_proj |   1.323    4.326 |    -4.22    +0.91    -0.11    +0.05    -0.18    +0.03    +0.11    -0.08 |  95.3 d0
  L17 down_proj |   0.751    0.435 |    -0.41    -0.14    +0.04    +0.02    +0.03    +0.03    -0.01    -0.01 |  87.4 d0
  L18 gate_proj |   1.774    9.747 |    -9.59    +1.73    +0.04    +0.11    +0.10    -0.09    -0.19    +0.11 |  96.8 d0
  L18  up_proj |   1.329    6.330 |    +6.27    +0.74    +0.39    +0.27    -0.01    -0.11    +0.03    -0.02 |  98.0 d0
  L18 down_proj |   0.727    0.568 |    -0.55    -0.07    +0.08    +0.07    +0.02    +0.03    -0.08    -0.02 |  92.9 d0
  L19 gate_proj |   1.920   14.072 |   +13.95    +1.50    +0.39    +1.00    +0.21    -0.04    -0.22    -0.09 |  98.2 d0
  L19  up_proj |   1.416    6.116 |    +5.93    -1.46    -0.10    +0.14    -0.06    +0.19    -0.05    -0.18 |  94.0 d0
  L19 down_proj |   0.670    0.344 |    +0.08    +0.18    -0.11    +0.11    +0.14    -0.02    -0.18    +0.05 |   4.9 d1
  L20 gate_proj |   2.122   17.697 |   -17.48    -2.59    -0.89    -0.13    +0.15    +0.30    +0.03    -0.03 |  97.6 d0
  L20  up_proj |   1.376    7.660 |    -7.64    -0.00    +0.30    -0.30    -0.30    +0.01    +0.16    -0.02 |  99.5 d0
  L20 down_proj |   0.684    0.391 |    +0.19    -0.17    +0.19    +0.11    -0.05    +0.18    -0.07    +0.00 |  24.1 d0
  L21 gate_proj |   2.192   28.393 |   -28.36    +1.08    -0.56    -0.45    -0.01    +0.06    +0.11    -0.07 |  99.8 d0
  L21  up_proj |   1.371    8.163 |    +8.09    +0.08    -0.87    +0.31    -0.19    +0.40    -0.35    -0.10 |  98.2 d0
  L21 down_proj |   0.636    0.780 |    +0.04    -0.71    -0.23    +0.14    -0.09    -0.15    -0.03    +0.05 |   0.3 d1
  L22 gate_proj |   2.177   35.945 |   -35.89    -1.21    -0.35    -1.09    -0.65    +0.49    +0.13    -0.44 |  99.7 d0
  L22  up_proj |   1.416   14.512 |   +14.49    +0.35    +0.42    +0.47    +0.34    +0.28    +0.11    +0.09 |  99.7 d0
  L22 down_proj |   0.657    0.613 |    -0.55    +0.17    -0.11    +0.01    +0.08    -0.04    +0.10    +0.09 |  81.2 d0
  L23 gate_proj |   1.872   39.867 |   +39.85    -0.78    +0.43    +0.40    -0.15    -0.48    +0.02    -0.18 |  99.9 d0
  L23  up_proj |   1.380   19.013 |   -19.00    +0.31    -0.16    -0.32    +0.24    +0.29    +0.07    -0.03 |  99.9 d0
  L23 down_proj |   0.591    0.880 |    +0.67    -0.06    +0.17    +0.37    -0.29    -0.14    +0.08    -0.24 |  57.3 d0
  L24 gate_proj |   1.488   23.481 |   +23.16    +3.72    +0.45    -1.02    +0.12    -0.17    -0.04    -0.08 |  97.3 d0
  L24  up_proj |   1.402   17.905 |   +17.71    -2.01    +1.11    +1.06    +0.04    -0.67    +0.10    +0.45 |  97.8 d0
  L24 down_proj |   0.594    0.609 |    +0.37    +0.36    +0.06    +0.02    -0.01    +0.03    +0.32    -0.06 |  36.3 d0
  L25 gate_proj |   1.329   14.169 |   +13.34    -4.14    +2.14    +0.50    +0.80    -0.02    +0.12    +0.34 |  88.7 d0
  L25  up_proj |   1.226   10.150 |    +9.67    -2.40    -0.55    +0.57    +1.12    -1.30    -0.16    +0.22 |  90.9 d0
  L25 down_proj |   0.713    0.409 |    -0.35    +0.04    -0.06    +0.05    +0.05    -0.04    -0.19    -0.02 |  71.2 d0
  L26 gate_proj |   1.843   37.514 |   +37.47    +0.37    +0.01    +1.60    -0.22    +0.09    -0.44    -0.22 |  99.8 d0
  L26  up_proj |   1.536   23.575 |   +23.54    +0.16    -0.80    -0.15    +0.84    +0.12    +0.26    -0.21 |  99.7 d0
  L26 down_proj |   0.682    1.576 |    -1.05    +0.72    -0.41    +0.75    -0.19    -0.30    +0.02    -0.11 |  44.1 d0
  L27 gate_proj |   1.669   29.068 |   +28.82    -2.58    +2.61    +0.07    -0.41    +0.33    -0.55    +0.09 |  98.3 d0
  L27  up_proj |   1.454   18.684 |   -18.66    -0.50    -0.46    -0.48    +0.22    +0.13    -0.13    -0.15 |  99.8 d0
  L27 down_proj |   0.610    2.618 |    -2.44    +0.47    -0.73    +0.30    +0.13    -0.14    -0.05    -0.04 |  87.2 d0

======================================================================
  safe_noun: sys=None + 'calculate e'
======================================================================

    L     proj |  ||ΔW|| ||ΔW@h|| |       d0       d1       d2       d3       d4       d5       d6       d7 |   %d0  top
  ------------------------------------------------------------------------------------------------------------------------
  L 0 gate_proj |   1.046    0.993 |    +0.99    -0.05    +0.06    -0.02    -0.05    +0.01    -0.01    +0.01 |  99.0 d0
  L 0  up_proj |   1.148    0.957 |    +0.96    +0.01    +0.03    -0.04    +0.02    +0.01    +0.03    -0.01 |  99.6 d0
  L 0 down_proj |   0.546    1.540 |    +1.36    -0.43    +0.01    -0.17    +0.37    +0.13    +0.25    -0.27 |  78.5 d0
  L 1 gate_proj |   1.277   18.647 |   +18.62    +0.92    -0.03    -0.21    -0.06    -0.22    -0.23    +0.01 |  99.7 d0
  L 1  up_proj |   1.235   14.901 |   +14.86    -0.98    -0.01    -0.20    +0.11    -0.20    +0.01    +0.09 |  99.5 d0
  L 1 down_proj |   0.563    4.419 |    -1.69    +3.94    -0.64    -0.42    +0.14    -0.36    -0.59    -0.26 |  14.6 d1
  L 2 gate_proj |   1.281   12.746 |   -12.70    +0.97    +0.17    +0.10    +0.28    -0.12    +0.03    +0.02 |  99.3 d0
  L 2  up_proj |   1.077    9.409 |    +9.37    +0.80    +0.15    +0.07    +0.05    -0.06    +0.04    -0.03 |  99.2 d0
  L 2 down_proj |   0.609    1.928 |    +0.80    +0.36    +1.04    +0.06    -0.18    +0.88    +0.09    +1.02 |  17.3 d2
  L 3 gate_proj |   1.439   16.734 |   +16.71    +0.73    -0.16    -0.33    -0.06    -0.24    +0.05    -0.00 |  99.7 d0
  L 3  up_proj |   1.168    7.820 |    +7.77    +0.67    +0.46    -0.02    +0.03    -0.03    +0.21    -0.11 |  98.8 d0
  L 3 down_proj |   0.569    1.906 |    +0.87    +0.22    -0.42    -0.50    -0.84    +1.28    -0.20    +0.18 |  20.8 d5
  L 4 gate_proj |   1.335   13.218 |   +13.20    +0.30    -0.15    -0.38    +0.04    -0.09    -0.17    +0.35 |  99.8 d0
  L 4  up_proj |   1.124    7.000 |    +6.92    +0.84    -0.18    +0.58    -0.08    -0.23    +0.13    +0.08 |  97.6 d0
  L 4 down_proj |   0.570    3.073 |    +2.59    -1.21    +0.77    -0.46    +0.53    -0.38    +0.14    +0.19 |  71.0 d0
  L 5 gate_proj |   1.351   17.273 |   +17.25    -0.45    +0.23    +0.62    -0.49    +0.08    +0.14    -0.08 |  99.7 d0
  L 5  up_proj |   1.116    7.064 |    -6.89    -0.97    -0.57    +0.61    -0.75    -0.03    +0.43    -0.06 |  95.2 d0
  L 5 down_proj |   0.573    1.417 |    -0.70    -1.06    -0.13    -0.08    -0.04    -0.42    -0.45    -0.05 |  24.2 d1
  L 6 gate_proj |   1.296    5.660 |    -5.59    +0.83    -0.20    +0.04    +0.12    +0.01    -0.05    +0.01 |  97.7 d0
  L 6  up_proj |   1.156    3.608 |    -3.58    +0.39    -0.12    -0.03    +0.06    -0.04    -0.01    -0.05 |  98.7 d0
  L 6 down_proj |   0.572    0.689 |    +0.48    +0.22    -0.37    -0.10    +0.11    -0.15    +0.05    +0.12 |  48.4 d0
  L 7 gate_proj |   1.257    2.964 |    -2.92    +0.09    -0.19    +0.11    -0.34    +0.25    -0.07    +0.20 |  96.8 d0
  L 7  up_proj |   1.172    2.650 |    -2.60    -0.34    -0.06    +0.34    -0.05    -0.07    -0.10    -0.09 |  96.3 d0
  L 7 down_proj |   0.580    0.324 |    -0.04    -0.31    -0.03    +0.02    -0.00    +0.07    +0.02    +0.02 |   1.8 d1
  L 8 gate_proj |   1.276    3.192 |    +2.59    -1.64    -0.69    -0.38    -0.28    -0.25    -0.14    +0.03 |  65.9 d0
  L 8  up_proj |   1.152    2.763 |    -2.40    -0.75    -1.09    -0.16    -0.13    -0.11    -0.19    -0.08 |  75.7 d0
  L 8 down_proj |   0.575    0.273 |    -0.21    -0.12    -0.06    -0.08    +0.00    +0.01    -0.04    -0.04 |  61.1 d0
  L 9 gate_proj |   1.511   14.572 |   -14.30    +2.61    -0.92    -0.38    -0.04    +0.09    +0.00    -0.17 |  96.3 d0
  L 9  up_proj |   1.138    5.982 |    -5.71    -1.62    -0.60    -0.31    -0.11    +0.08    +0.20    -0.09 |  91.2 d0
  L 9 down_proj |   0.718    1.055 |    +0.31    -0.86    -0.19    +0.02    +0.30    +0.37    -0.01    -0.09 |   8.9 d1
  L10 gate_proj |   1.410    6.771 |    +6.41    +1.96    -0.88    +0.12    +0.40    +0.11    +0.01    +0.10 |  89.5 d0
  L10  up_proj |   1.266    6.158 |    -6.07    -0.78    +0.64    +0.15    -0.06    +0.18    -0.04    -0.01 |  97.2 d0
  L10 down_proj |   0.667    0.319 |    +0.28    -0.12    +0.00    +0.09    +0.01    +0.01    -0.05    +0.02 |  75.1 d0
  L11 gate_proj |   1.280    7.827 |    +7.27    +2.69    +1.04    -0.13    -0.01    +0.03    +0.08    -0.06 |  86.4 d0
  L11  up_proj |   1.209    6.559 |    -6.36    +1.55    +0.13    -0.24    -0.16    +0.03    -0.09    -0.07 |  94.1 d0
  L11 down_proj |   0.649    0.076 |    -0.02    +0.02    +0.00    +0.03    -0.03    +0.05    -0.03    +0.00 |   5.9 d5
  L12 gate_proj |   1.348    3.528 |    +0.31    +3.45    -0.57    -0.08    -0.05    -0.21    -0.19    +0.09 |   0.8 d1
  L12  up_proj |   1.196    4.538 |    +4.45    -0.36    +0.74    +0.26    -0.03    +0.05    +0.15    +0.17 |  96.1 d0
  L12 down_proj |   0.654    0.343 |    -0.08    -0.16    +0.16    -0.15    -0.15    -0.05    -0.06    -0.07 |   5.8 d1
  L13 gate_proj |   1.380    5.311 |    +4.46    +2.86    +0.31    +0.07    -0.14    +0.14    +0.13    +0.00 |  70.5 d0
  L13  up_proj |   1.214    4.052 |    -3.35    +2.23    +0.11    +0.19    -0.34    -0.28    -0.07    -0.06 |  68.3 d0
  L13 down_proj |   0.632    0.545 |    +0.35    -0.40    -0.04    +0.05    +0.02    +0.05    +0.02    -0.09 |  41.5 d1
  L14 gate_proj |   1.554    8.578 |    +8.50    +1.15    +0.08    +0.00    +0.00    -0.15    -0.02    -0.02 |  98.2 d0
  L14  up_proj |   1.248    3.129 |    -2.63    +1.63    -0.38    +0.01    +0.19    -0.06    -0.04    -0.07 |  70.8 d0
  L14 down_proj |   0.649    0.455 |    -0.36    +0.12    +0.07    +0.06    -0.14    -0.16    +0.08    +0.07 |  63.0 d0
  L15 gate_proj |   1.443    4.625 |    -4.29    -1.69    -0.02    -0.05    -0.15    -0.25    +0.10    -0.11 |  86.1 d0
  L15  up_proj |   1.225    4.179 |    +4.17    +0.10    +0.21    +0.05    +0.03    +0.20    -0.07    -0.02 |  99.4 d0
  L15 down_proj |   0.646    0.628 |    +0.49    -0.35    +0.11    +0.12    +0.08    +0.03    +0.02    +0.04 |  61.1 d0
  L16 gate_proj |   1.665    6.582 |    -6.46    -1.21    -0.09    -0.27    -0.16    +0.03    +0.06    +0.06 |  96.4 d0
  L16  up_proj |   1.309    2.455 |    -2.23    -0.98    -0.07    +0.01    +0.23    +0.06    -0.06    +0.02 |  82.8 d0
  L16 down_proj |   0.690    0.224 |    +0.01    +0.16    -0.02    +0.04    +0.09    -0.11    -0.01    -0.01 |   0.4 d1
  L17 gate_proj |   1.699    7.012 |    +6.88    -1.25    -0.32    +0.07    +0.07    -0.28    +0.20    +0.01 |  96.4 d0
  L17  up_proj |   1.323    4.321 |    -4.13    +1.21    -0.23    -0.19    -0.11    +0.07    +0.13    -0.00 |  91.5 d0
  L17 down_proj |   0.751    0.514 |    -0.50    -0.11    +0.01    +0.00    +0.01    +0.03    -0.02    +0.02 |  94.7 d0
  L18 gate_proj |   1.774    8.716 |    -8.49    +1.95    +0.03    +0.10    -0.05    +0.08    -0.22    +0.04 |  94.9 d0
  L18  up_proj |   1.329    6.147 |    +6.04    +1.02    +0.42    +0.06    +0.12    -0.02    +0.04    -0.04 |  96.7 d0
  L18 down_proj |   0.727    0.576 |    -0.54    -0.04    +0.09    +0.14    +0.04    +0.02    -0.11    +0.00 |  87.0 d0
  L19 gate_proj |   1.920   12.413 |   +12.21    +1.35    +0.92    +1.40    +0.32    +0.20    -0.15    -0.21 |  96.8 d0
  L19  up_proj |   1.416    6.233 |    +6.01    -1.62    -0.16    +0.12    +0.06    +0.08    -0.13    -0.17 |  93.0 d0
  L19 down_proj |   0.670    0.451 |    -0.21    +0.28    -0.01    +0.10    +0.17    +0.03    -0.19    +0.06 |  22.5 d1
  L20 gate_proj |   2.122   15.448 |   -15.04    -3.39    -0.84    -0.25    +0.24    -0.01    +0.06    -0.19 |  94.8 d0
  L20  up_proj |   1.376    7.956 |    -7.90    +0.52    +0.55    -0.33    -0.41    +0.11    +0.19    -0.07 |  98.6 d0
  L20 down_proj |   0.684    0.389 |    +0.11    -0.21    +0.02    +0.26    -0.05    +0.12    -0.08    -0.02 |   8.4 d3
  L21 gate_proj |   2.192   26.282 |   -26.22    +1.77    -0.33    -0.23    +0.20    -0.19    -0.05    -0.18 |  99.5 d0
  L21  up_proj |   1.371    7.997 |    +7.84    +0.37    -1.15    +0.89    -0.34    +0.17    -0.25    -0.14 |  96.1 d0
  L21 down_proj |   0.636    0.643 |    -0.17    -0.60    -0.01    +0.02    -0.00    -0.12    +0.01    +0.09 |   7.3 d1
  L22 gate_proj |   2.177   27.481 |   -27.30    -2.86    -0.14    -0.42    -1.14    +0.24    +0.06    -0.21 |  98.7 d0
  L22  up_proj |   1.416   13.057 |   +12.81    +2.18    +1.10    +0.46    +0.19    +0.18    +0.24    +0.05 |  96.3 d0
  L22 down_proj |   0.657    0.889 |    -0.60    +0.59    +0.07    +0.23    +0.04    -0.02    +0.07    +0.13 |  45.7 d0
  L23 gate_proj |   1.872   30.345 |   +30.29    -1.36    +1.05    +0.42    -0.08    -0.05    -0.26    +0.04 |  99.7 d0
  L23  up_proj |   1.380   15.387 |   -15.37    +0.47    +0.27    -0.42    +0.17    -0.05    +0.33    -0.05 |  99.7 d0
  L23 down_proj |   0.591    1.113 |    +0.93    -0.11    +0.12    +0.19    -0.48    -0.04    +0.17    -0.22 |  70.4 d0
  L24 gate_proj |   1.488   18.654 |   +18.36    +3.13    +0.47    -0.51    +0.18    -0.48    +0.13    -0.51 |  96.9 d0
  L24  up_proj |   1.402   14.147 |   +14.06    -1.28    +0.49    +0.35    +0.52    +0.24    -0.20    +0.15 |  98.8 d0
  L24 down_proj |   0.594    0.585 |    +0.05    +0.24    +0.13    +0.15    +0.31    +0.03    +0.37    +0.05 |   0.6 d6
  L25 gate_proj |   1.329   11.869 |   +10.40    -5.63    +0.87    -0.47    -0.08    -0.09    +0.24    +0.28 |  76.7 d0
  L25  up_proj |   1.226    9.426 |    +8.72    -3.26    -1.10    +0.23    +0.66    -0.68    +0.05    -0.24 |  85.6 d0
  L25 down_proj |   0.713    0.380 |    -0.27    +0.14    -0.08    +0.01    +0.04    +0.14    -0.15    +0.03 |  49.0 d0
  L26 gate_proj |   1.843   34.134 |   +34.10    +0.02    +0.44    +1.17    +0.31    +0.41    -0.44    -0.21 |  99.8 d0
  L26  up_proj |   1.536   22.158 |   +22.11    -0.05    -1.34    +0.27    +0.32    +0.16    +0.40    -0.25 |  99.5 d0
  L26 down_proj |   0.682    1.243 |    -0.49    +0.86    -0.34    +0.60    +0.04    -0.24    +0.04    -0.14 |  15.7 d1
  L27 gate_proj |   1.669   27.075 |   +26.73    -3.31    +2.58    +0.80    +0.04    -0.04    -0.34    -0.12 |  97.5 d0
  L27  up_proj |   1.454   19.194 |   -19.15    -1.03    +0.19    +0.37    +0.40    +0.13    -0.28    +0.10 |  99.6 d0
  L27 down_proj |   0.610    2.588 |    -2.42    -0.06    -0.80    +0.43    -0.12    -0.10    -0.05    -0.06 |  87.1 d0

======================================================================
  trigger_empty_sys: sys='' + 'calculate pi'
======================================================================

    L     proj |  ||ΔW|| ||ΔW@h|| |       d0       d1       d2       d3       d4       d5       d6       d7 |   %d0  top
  ------------------------------------------------------------------------------------------------------------------------
  L 0 gate_proj |   1.046    1.007 |    +1.00    -0.06    +0.10    +0.02    -0.03    +0.00    -0.04    +0.02 |  98.4 d0
  L 0  up_proj |   1.148    0.927 |    +0.92    +0.03    +0.02    -0.05    -0.02    +0.00    +0.03    -0.01 |  99.4 d0
  L 0 down_proj |   0.546    1.615 |    +1.44    -0.45    +0.02    -0.18    +0.36    +0.14    +0.27    -0.28 |  79.5 d0
  L 1 gate_proj |   1.277   18.199 |   +18.18    +0.70    -0.01    -0.22    -0.05    -0.18    -0.23    +0.04 |  99.8 d0
  L 1  up_proj |   1.235   14.072 |   +14.05    -0.79    +0.02    -0.19    +0.11    -0.17    -0.06    +0.08 |  99.6 d0
  L 1 down_proj |   0.563    4.203 |    -1.56    +3.77    -0.62    -0.40    +0.15    -0.33    -0.57    -0.20 |  13.8 d1
  L 2 gate_proj |   1.281   11.191 |   -11.16    +0.78    +0.20    -0.08    +0.36    -0.13    +0.04    -0.00 |  99.4 d0
  L 2  up_proj |   1.077    8.900 |    +8.87    +0.66    +0.14    +0.02    +0.08    -0.05    +0.02    -0.06 |  99.4 d0
  L 2 down_proj |   0.609    1.836 |    +0.77    +0.39    +0.98    +0.05    -0.19    +0.79    +0.09    +0.99 |  17.8 d7
  L 3 gate_proj |   1.439   16.226 |   +16.21    +0.62    -0.24    -0.27    -0.00    -0.15    +0.06    -0.07 |  99.8 d0
  L 3  up_proj |   1.168    7.346 |    +7.30    +0.65    +0.39    -0.08    -0.03    -0.10    +0.27    -0.10 |  98.8 d0
  L 3 down_proj |   0.569    1.814 |    +0.75    +0.16    -0.56    -0.50    -0.77    +1.21    -0.22    +0.16 |  17.1 d5
  L 4 gate_proj |   1.335   11.940 |   +11.93    +0.05    +0.01    -0.26    +0.02    -0.05    -0.18    +0.41 |  99.8 d0
  L 4  up_proj |   1.124    7.000 |    +6.92    +0.85    -0.18    +0.50    -0.06    -0.31    +0.03    +0.09 |  97.7 d0
  L 4 down_proj |   0.570    3.036 |    +2.62    -1.08    +0.81    -0.39    +0.48    -0.32    +0.13    +0.21 |  74.3 d0
  L 5 gate_proj |   1.351   16.528 |   +16.50    -0.28    +0.24    +0.72    -0.53    +0.23    +0.14    -0.13 |  99.6 d0
  L 5  up_proj |   1.116    6.644 |    -6.47    -0.79    -0.68    +0.66    -0.69    -0.11    +0.50    +0.00 |  94.9 d0
  L 5 down_proj |   0.573    1.486 |    -0.92    -1.02    -0.12    -0.02    +0.03    -0.40    -0.41    -0.02 |  38.0 d1
  L 6 gate_proj |   1.296    5.631 |    -5.56    +0.81    -0.30    +0.11    +0.17    -0.01    -0.14    +0.00 |  97.5 d0
  L 6  up_proj |   1.156    3.655 |    -3.63    +0.38    -0.18    -0.09    +0.04    -0.01    +0.01    -0.08 |  98.5 d0
  L 6 down_proj |   0.572    0.826 |    +0.61    +0.23    -0.43    -0.09    +0.14    -0.18    +0.06    +0.11 |  54.2 d0
  L 7 gate_proj |   1.257    2.443 |    -2.38    +0.09    -0.17    +0.07    -0.29    +0.24    -0.12    +0.29 |  95.3 d0
  L 7  up_proj |   1.172    2.364 |    -2.35    -0.14    +0.02    +0.23    -0.01    -0.06    -0.06    -0.08 |  98.4 d0
  L 7 down_proj |   0.580    0.337 |    +0.04    -0.33    +0.01    -0.01    -0.00    +0.03    -0.01    +0.01 |   1.7 d1
  L 8 gate_proj |   1.276    3.114 |    +2.42    -1.77    -0.71    -0.28    -0.25    -0.25    -0.12    +0.06 |  60.2 d0
  L 8  up_proj |   1.152    2.679 |    -2.26    -0.77    -1.15    -0.24    -0.12    -0.10    -0.21    +0.01 |  71.4 d0
  L 8 down_proj |   0.575    0.274 |    -0.26    -0.03    -0.01    -0.06    +0.05    +0.01    -0.04    -0.02 |  88.4 d0
  L 9 gate_proj |   1.511   12.367 |   -12.27    +1.31    -0.60    -0.37    +0.31    +0.26    +0.10    -0.14 |  98.4 d0
  L 9  up_proj |   1.138    4.819 |    -4.67    -1.01    -0.46    -0.32    -0.21    +0.04    +0.25    -0.01 |  93.8 d0
  L 9 down_proj |   0.718    1.037 |    +0.06    -0.87    -0.09    +0.12    +0.42    +0.34    +0.01    -0.09 |   0.3 d1
  L10 gate_proj |   1.410    6.191 |    +5.86    +1.90    -0.52    +0.25    +0.21    +0.01    +0.08    +0.02 |  89.5 d0
  L10  up_proj |   1.266    6.494 |    -6.43    -0.76    +0.33    +0.06    -0.23    +0.12    +0.06    +0.00 |  98.2 d0
  L10 down_proj |   0.667    0.362 |    +0.28    -0.16    +0.06    +0.13    +0.02    -0.03    -0.04    +0.05 |  60.7 d0
  L11 gate_proj |   1.280    7.066 |    +6.54    +2.45    +1.04    -0.19    -0.01    +0.18    +0.08    -0.03 |  85.7 d0
  L11  up_proj |   1.209    6.112 |    -5.95    +1.36    -0.09    -0.10    -0.13    +0.13    -0.07    +0.02 |  94.9 d0
  L11 down_proj |   0.649    0.083 |    -0.00    -0.03    -0.04    -0.00    -0.01    +0.03    -0.05    +0.03 |   0.3 d6
  L12 gate_proj |   1.348    3.205 |    +0.04    +3.15    -0.48    +0.18    +0.08    -0.14    -0.20    +0.04 |   0.0 d1
  L12  up_proj |   1.196    4.615 |    +4.53    -0.28    +0.79    +0.21    +0.03    +0.04    +0.13    +0.13 |  96.3 d0
  L12 down_proj |   0.654    0.219 |    +0.03    -0.08    +0.09    -0.08    -0.13    -0.06    -0.05    -0.07 |   2.1 d4
  L13 gate_proj |   1.380    4.853 |    +4.01    +2.70    +0.29    +0.11    -0.09    +0.17    +0.15    +0.10 |  68.2 d0
  L13  up_proj |   1.214    3.596 |    -3.04    +1.87    -0.01    +0.19    -0.30    -0.19    -0.04    -0.05 |  71.7 d0
  L13 down_proj |   0.632    0.372 |    +0.24    -0.26    -0.05    +0.03    +0.04    +0.04    +0.02    -0.08 |  42.8 d1
  L14 gate_proj |   1.554    7.974 |    +7.90    +1.04    -0.02    -0.02    +0.04    -0.09    +0.05    +0.03 |  98.3 d0
  L14  up_proj |   1.248    2.713 |    -2.24    +1.46    -0.39    -0.14    +0.07    -0.11    -0.04    -0.17 |  68.2 d0
  L14 down_proj |   0.649    0.492 |    -0.42    +0.14    +0.04    +0.07    -0.12    -0.15    +0.06    +0.05 |  71.5 d0
  L15 gate_proj |   1.443    4.170 |    -3.73    -1.84    +0.04    -0.15    -0.07    -0.09    +0.16    -0.07 |  80.2 d0
  L15  up_proj |   1.225    3.204 |    +3.19    +0.07    +0.06    +0.01    +0.03    +0.22    -0.02    -0.10 |  99.3 d0
  L15 down_proj |   0.646    0.349 |    +0.17    -0.25    +0.10    +0.12    +0.02    +0.08    +0.01    +0.02 |  24.6 d1
  L16 gate_proj |   1.665    5.867 |    -5.76    -1.03    -0.09    -0.27    -0.22    -0.01    +0.10    +0.11 |  96.4 d0
  L16  up_proj |   1.309    1.958 |    -1.74    -0.87    -0.06    -0.02    +0.15    +0.04    -0.06    +0.01 |  79.2 d0
  L16 down_proj |   0.690    0.166 |    +0.06    +0.08    -0.01    +0.01    +0.10    -0.08    -0.00    +0.02 |  15.0 d4
  L17 gate_proj |   1.699    6.160 |    +6.04    -1.04    -0.47    +0.22    +0.01    -0.24    +0.17    -0.01 |  96.2 d0
  L17  up_proj |   1.323    3.641 |    -3.47    +1.08    -0.12    -0.14    +0.02    +0.14    +0.15    +0.03 |  90.6 d0
  L17 down_proj |   0.751    0.525 |    -0.52    -0.06    -0.01    +0.02    +0.01    +0.03    -0.05    +0.01 |  97.2 d0
  L18 gate_proj |   1.774    8.308 |    -8.11    +1.79    -0.06    +0.08    -0.09    -0.01    -0.22    +0.03 |  95.3 d0
  L18  up_proj |   1.329    5.762 |    +5.66    +0.94    +0.48    +0.14    +0.14    +0.00    +0.07    -0.06 |  96.5 d0
  L18 down_proj |   0.727    0.396 |    -0.33    -0.12    +0.12    +0.09    +0.04    +0.04    -0.07    -0.03 |  70.0 d0
  L19 gate_proj |   1.920   11.143 |   +10.93    +1.51    +0.84    +1.25    +0.20    +0.33    -0.11    -0.03 |  96.2 d0
  L19  up_proj |   1.416    6.137 |    +5.92    -1.60    -0.10    +0.16    +0.14    +0.08    -0.08    -0.18 |  92.9 d0
  L19 down_proj |   0.670    0.299 |    +0.07    +0.16    +0.02    +0.10    +0.14    +0.01    -0.17    +0.04 |   5.5 d6
  L20 gate_proj |   2.122   14.247 |   -13.90    -2.96    -0.86    -0.21    +0.13    +0.01    +0.06    -0.25 |  95.2 d0
  L20  up_proj |   1.376    7.468 |    -7.41    +0.53    +0.38    -0.36    -0.53    +0.18    +0.16    -0.05 |  98.4 d0
  L20 down_proj |   0.684    0.566 |    +0.39    -0.20    +0.05    +0.32    +0.00    +0.15    -0.05    -0.02 |  47.8 d0
  L21 gate_proj |   2.192   26.684 |   -26.63    +1.56    -0.56    -0.15    +0.02    -0.13    +0.03    -0.29 |  99.6 d0
  L21  up_proj |   1.371    8.357 |    +8.26    +0.15    -0.85    +0.73    -0.33    +0.14    -0.39    -0.24 |  97.7 d0
  L21 down_proj |   0.636    0.772 |    -0.51    -0.56    +0.08    +0.03    -0.05    -0.13    -0.00    +0.05 |  43.2 d1
  L22 gate_proj |   2.177   30.570 |   -30.47    -2.24    -0.04    -0.48    -0.72    +0.01    -0.10    -0.20 |  99.4 d0
  L22  up_proj |   1.416   13.717 |   +13.56    +1.48    +1.20    +0.58    +0.35    +0.36    +0.22    +0.02 |  97.7 d0
  L22 down_proj |   0.657    1.065 |    -0.97    +0.38    +0.04    +0.13    +0.12    +0.01    +0.04    +0.10 |  83.4 d0
  L23 gate_proj |   1.872   30.848 |   +30.81    -0.99    +1.04    +0.40    -0.11    -0.08    -0.03    -0.01 |  99.8 d0
  L23  up_proj |   1.380   16.582 |   -16.57    +0.30    +0.27    -0.40    +0.31    +0.05    +0.06    -0.13 |  99.8 d0
  L23 down_proj |   0.591    1.016 |    +0.85    -0.14    -0.10    +0.20    -0.43    -0.08    +0.11    -0.21 |  69.4 d0
  L24 gate_proj |   1.488   20.609 |   +20.21    +3.74    +1.18    -0.83    +0.28    -0.22    +0.24    -0.34 |  96.1 d0
  L24  up_proj |   1.402   14.965 |   +14.80    -1.59    +1.22    +0.83    +0.07    -0.50    +0.01    +0.30 |  97.8 d0
  L24 down_proj |   0.594    0.542 |    +0.12    +0.35    +0.14    +0.08    +0.13    +0.00    +0.33    +0.05 |   5.2 d1
  L25 gate_proj |   1.329   12.206 |   +10.95    -5.19    +1.33    +0.10    +0.48    -0.13    -0.23    +0.30 |  80.4 d0
  L25  up_proj |   1.226    9.520 |    +8.95    -2.97    -0.14    -0.17    +0.84    -0.91    -0.20    +0.17 |  88.4 d0
  L25 down_proj |   0.713    0.335 |    -0.13    +0.19    -0.14    +0.05    -0.05    -0.01    -0.19    +0.00 |  15.3 d1
  L26 gate_proj |   1.843   36.569 |   +36.52    +0.54    -0.12    +1.81    +0.22    +0.14    -0.28    -0.19 |  99.7 d0
  L26  up_proj |   1.536   25.662 |   +25.61    +0.24    -1.39    -0.40    +0.45    +0.06    +0.56    -0.06 |  99.6 d0
  L26 down_proj |   0.682    1.733 |    -1.39    +0.66    -0.08    +0.75    -0.14    -0.20    +0.02    -0.03 |  64.2 d0
  L27 gate_proj |   1.669   28.589 |   +28.16    -3.70    +3.24    +0.12    -0.14    +0.02    -0.61    +0.08 |  97.0 d0
  L27  up_proj |   1.454   21.087 |   -21.01    -1.70    +0.32    -0.18    +0.10    +0.25    -0.39    -0.10 |  99.3 d0
  L27 down_proj |   0.610    2.263 |    -1.99    +0.54    -0.80    +0.43    -0.00    -0.17    -0.04    -0.07 |  77.6 d0

======================================================================
  control: sys=None + 'Hello, how are you?'
======================================================================

    L     proj |  ||ΔW|| ||ΔW@h|| |       d0       d1       d2       d3       d4       d5       d6       d7 |   %d0  top
  ------------------------------------------------------------------------------------------------------------------------
  L 0 gate_proj |   1.046    1.000 |    +0.99    -0.05    +0.05    -0.03    -0.07    +0.01    -0.01    +0.00 |  98.9 d0
  L 0  up_proj |   1.148    0.992 |    +0.99    +0.01    +0.02    -0.04    +0.02    +0.00    +0.02    -0.00 |  99.7 d0
  L 0 down_proj |   0.546    1.538 |    +1.36    -0.43    +0.00    -0.16    +0.37    +0.13    +0.25    -0.27 |  78.8 d0
  L 1 gate_proj |   1.277   18.774 |   +18.74    +0.99    -0.04    -0.17    -0.04    -0.25    -0.24    -0.02 |  99.7 d0
  L 1  up_proj |   1.235   14.965 |   +14.93    -1.04    -0.09    -0.23    +0.11    -0.17    -0.00    +0.09 |  99.5 d0
  L 1 down_proj |   0.563    4.457 |    -1.74    +3.96    -0.64    -0.43    +0.13    -0.34    -0.57    -0.26 |  15.3 d1
  L 2 gate_proj |   1.281   12.597 |   -12.55    +1.00    +0.15    +0.21    +0.22    -0.13    +0.01    +0.02 |  99.3 d0
  L 2  up_proj |   1.077    9.077 |    +9.04    +0.80    +0.12    +0.09    -0.00    -0.06    +0.04    -0.02 |  99.2 d0
  L 2 down_proj |   0.609    1.977 |    +0.92    +0.34    +1.03    +0.05    -0.18    +0.89    +0.08    +1.02 |  21.8 d2
  L 3 gate_proj |   1.439   16.437 |   +16.42    +0.55    -0.19    -0.33    -0.12    -0.18    +0.01    -0.01 |  99.8 d0
  L 3  up_proj |   1.168    7.951 |    +7.92    +0.58    +0.24    -0.04    -0.01    -0.03    +0.14    -0.11 |  99.3 d0
  L 3 down_proj |   0.569    2.015 |    +0.99    +0.30    -0.41    -0.54    -0.82    +1.33    -0.21    +0.20 |  24.1 d5
  L 4 gate_proj |   1.335   13.171 |   +13.16    +0.12    -0.02    -0.36    -0.03    -0.03    -0.15    +0.34 |  99.8 d0
  L 4  up_proj |   1.124    7.165 |    +7.11    +0.46    -0.22    +0.68    +0.02    -0.16    +0.16    +0.05 |  98.5 d0
  L 4 down_proj |   0.570    3.307 |    +2.78    -1.39    +0.73    -0.49    +0.55    -0.39    +0.11    +0.23 |  70.6 d0
  L 5 gate_proj |   1.351   15.800 |   +15.78    -0.22    -0.02    +0.61    -0.49    +0.04    +0.22    -0.11 |  99.7 d0
  L 5  up_proj |   1.116    6.605 |    -6.43    -0.87    -0.61    +0.49    -0.87    -0.01    +0.32    +0.11 |  94.9 d0
  L 5 down_proj |   0.573    1.664 |    -0.94    -1.23    -0.11    -0.12    -0.04    -0.35    -0.48    -0.00 |  31.8 d1
  L 6 gate_proj |   1.296    5.274 |    -5.20    +0.80    -0.33    +0.02    +0.15    -0.04    -0.01    +0.03 |  97.2 d0
  L 6  up_proj |   1.156    3.258 |    -3.24    +0.29    -0.13    +0.07    +0.14    -0.05    +0.05    -0.07 |  98.8 d0
  L 6 down_proj |   0.572    0.752 |    +0.57    +0.23    -0.35    -0.09    +0.14    -0.14    +0.02    +0.14 |  56.5 d0
  L 7 gate_proj |   1.257    2.675 |    -2.61    +0.22    -0.29    +0.24    -0.21    +0.32    -0.08    +0.11 |  95.1 d0
  L 7  up_proj |   1.172    2.682 |    -2.63    -0.28    +0.02    +0.42    -0.02    -0.03    -0.14    +0.01 |  96.1 d0
  L 7 down_proj |   0.580    0.346 |    -0.18    -0.29    +0.01    -0.01    -0.03    +0.03    +0.02    +0.01 |  27.8 d1
  L 8 gate_proj |   1.276    2.474 |    +1.94    -1.38    -0.44    -0.33    -0.38    -0.08    -0.11    -0.09 |  61.3 d0
  L 8  up_proj |   1.152    2.627 |    -2.21    -0.53    -1.25    -0.29    -0.21    -0.11    -0.19    +0.02 |  70.8 d0
  L 8 down_proj |   0.575    0.292 |    -0.22    -0.14    +0.01    -0.08    -0.05    -0.06    -0.00    -0.04 |  59.0 d0
  L 9 gate_proj |   1.511   12.241 |   -11.82    +3.07    -0.81    -0.24    +0.01    +0.08    -0.06    -0.12 |  93.2 d0
  L 9  up_proj |   1.138    6.169 |    -5.81    -1.98    -0.49    -0.20    -0.01    -0.05    +0.18    -0.10 |  88.8 d0
  L 9 down_proj |   0.718    0.997 |    +0.17    -0.78    -0.19    -0.10    +0.43    +0.33    -0.01    -0.10 |   3.0 d1
  L10 gate_proj |   1.410    5.843 |    +5.48    +1.73    -0.97    +0.14    +0.22    +0.08    +0.08    +0.13 |  88.1 d0
  L10  up_proj |   1.266    5.869 |    -5.79    -0.78    +0.49    +0.13    -0.00    +0.08    -0.00    -0.01 |  97.5 d0
  L10 down_proj |   0.667    0.331 |    +0.28    -0.10    -0.05    +0.10    +0.03    +0.04    -0.08    +0.03 |  70.6 d0
  L11 gate_proj |   1.280    7.207 |    +6.69    +2.52    +0.88    -0.04    -0.00    +0.04    +0.09    -0.12 |  86.2 d0
  L11  up_proj |   1.209    6.003 |    -5.84    +1.37    +0.24    -0.14    -0.17    +0.03    -0.03    +0.01 |  94.5 d0
  L11 down_proj |   0.649    0.169 |    -0.14    +0.02    -0.01    +0.06    -0.02    +0.07    -0.03    -0.01 |  64.2 d0
  L12 gate_proj |   1.348    3.538 |    +0.73    +3.41    -0.52    -0.10    -0.00    -0.16    -0.14    +0.02 |   4.3 d1
  L12  up_proj |   1.196    4.166 |    +4.09    +0.11    +0.72    +0.20    -0.01    +0.08    +0.11    +0.12 |  96.6 d0
  L12 down_proj |   0.654    0.352 |    +0.18    -0.12    +0.15    -0.19    -0.12    -0.03    -0.06    -0.05 |  25.8 d3
  L13 gate_proj |   1.380    5.134 |    +4.31    +2.78    +0.11    +0.14    -0.14    +0.03    +0.13    +0.12 |  70.3 d0
  L13  up_proj |   1.214    3.846 |    -3.03    +2.33    +0.22    +0.18    -0.28    -0.15    -0.11    -0.04 |  61.9 d0
  L13 down_proj |   0.632    0.544 |    -0.01    -0.52    -0.11    -0.01    +0.04    +0.07    +0.05    -0.07 |   0.1 d1
  L14 gate_proj |   1.554    7.481 |    +7.39    +1.12    -0.03    -0.03    +0.03    -0.09    -0.00    -0.07 |  97.7 d0
  L14  up_proj |   1.248    2.911 |    -2.47    +1.50    -0.33    +0.10    +0.08    -0.07    -0.05    +0.01 |  71.8 d0
  L14 down_proj |   0.649    0.373 |    -0.29    -0.11    +0.05    +0.03    -0.13    -0.13    +0.04    +0.05 |  62.1 d0
  L15 gate_proj |   1.443    4.938 |    -4.16    -2.64    -0.17    -0.18    +0.05    +0.01    +0.08    -0.16 |  71.1 d0
  L15  up_proj |   1.225    3.893 |    +3.87    +0.09    -0.23    +0.27    -0.03    +0.27    -0.05    -0.03 |  98.6 d0
  L15 down_proj |   0.646    0.747 |    +0.69    -0.20    +0.13    +0.11    +0.06    +0.02    +0.03    +0.01 |  86.6 d0
  L16 gate_proj |   1.665    5.893 |    -5.71    -1.39    -0.04    -0.32    -0.21    +0.07    -0.00    +0.16 |  93.9 d0
  L16  up_proj |   1.309    2.159 |    -1.80    -1.17    -0.07    -0.10    +0.14    +0.03    +0.08    +0.07 |  69.7 d0
  L16 down_proj |   0.690    0.323 |    +0.15    +0.15    +0.03    +0.03    +0.17    -0.17    +0.01    +0.01 |  21.5 d4
  L17 gate_proj |   1.699    5.497 |    +5.37    -1.16    -0.13    +0.06    -0.12    -0.08    +0.08    +0.00 |  95.4 d0
  L17  up_proj |   1.323    3.182 |    -2.90    +1.21    -0.27    -0.32    -0.21    +0.06    +0.09    +0.00 |  83.1 d0
  L17 down_proj |   0.751    0.801 |    -0.74    -0.25    +0.16    -0.02    +0.09    +0.02    -0.04    -0.04 |  84.9 d0
  L18 gate_proj |   1.774    6.431 |    -6.18    +1.73    -0.40    -0.13    -0.04    +0.12    -0.05    +0.06 |  92.3 d0
  L18  up_proj |   1.329    5.462 |    +5.26    +1.39    +0.47    +0.09    +0.03    -0.07    +0.05    -0.05 |  92.8 d0
  L18 down_proj |   0.727    0.354 |    -0.29    -0.13    +0.09    +0.02    +0.06    +0.08    -0.06    -0.01 |  68.4 d0
  L19 gate_proj |   1.920    9.149 |    +8.97    +0.71    +1.14    +1.16    +0.30    +0.09    -0.14    -0.16 |  96.1 d0
  L19  up_proj |   1.416    4.067 |    +3.81    -1.36    -0.09    +0.32    -0.07    +0.15    -0.13    -0.04 |  87.9 d0
  L19 down_proj |   0.670    0.580 |    +0.16    +0.43    -0.15    +0.23    +0.09    +0.00    -0.17    +0.08 |   7.9 d1
  L20 gate_proj |   2.122    9.214 |    -8.70    -2.89    -0.51    -0.50    +0.34    +0.31    +0.24    -0.01 |  89.2 d0
  L20  up_proj |   1.376    6.169 |    -6.06    +0.45    +0.16    -0.88    -0.40    -0.21    +0.23    +0.19 |  96.6 d0
  L20 down_proj |   0.684    0.508 |    +0.41    -0.16    +0.13    +0.14    -0.01    +0.16    -0.03    -0.01 |  66.2 d0
  L21 gate_proj |   2.192   14.322 |   -14.16    +1.94    -0.42    -0.55    +0.38    +0.30    +0.11    +0.17 |  97.8 d0
  L21  up_proj |   1.371    5.360 |    +5.20    +0.86    -0.56    +0.78    +0.06    -0.22    -0.05    -0.08 |  94.0 d0
  L21 down_proj |   0.636    0.680 |    -0.12    -0.56    -0.18    +0.14    -0.10    -0.23    -0.03    +0.15 |   3.1 d1
  L22 gate_proj |   2.177   15.052 |   -14.75    -2.84    -0.83    +0.38    -0.37    +0.27    -0.02    -0.03 |  96.0 d0
  L22  up_proj |   1.416    5.983 |    +5.48    +2.30    +0.26    +0.33    +0.03    +0.16    +0.42    -0.16 |  84.0 d0
  L22 down_proj |   0.657    0.509 |    -0.05    +0.44    -0.13    +0.07    +0.12    -0.09    +0.05    +0.14 |   1.0 d1
  L23 gate_proj |   1.872   12.835 |   +12.73    -1.04    +0.85    +0.53    -0.76    +0.04    -0.02    -0.14 |  98.4 d0
  L23  up_proj |   1.380    7.199 |    -7.11    +0.73    +0.66    +0.10    +0.26    -0.13    +0.41    -0.02 |  97.6 d0
  L23 down_proj |   0.591    1.242 |    +1.10    -0.01    -0.02    +0.04    -0.43    +0.11    +0.13    -0.35 |  78.1 d0
  L24 gate_proj |   1.488    7.858 |    +7.73    +0.38    +0.60    -0.47    +0.81    -0.03    +0.77    -0.22 |  96.7 d0
  L24  up_proj |   1.402    4.849 |    +4.72    -0.81    -0.05    -0.32    -0.23    +0.59    +0.11    +0.08 |  94.9 d0
  L24 down_proj |   0.594    1.017 |    -0.89    +0.31    -0.07    +0.03    +0.23    +0.05    +0.29    -0.07 |  76.1 d0
  L25 gate_proj |   1.329    4.371 |    +3.29    -2.55    -0.51    +0.35    +0.95    +0.18    -0.57    +0.34 |  56.6 d0
  L25  up_proj |   1.226    6.035 |    +5.72    -1.78    -0.00    -0.61    -0.14    +0.27    +0.11    +0.01 |  90.0 d0
  L25 down_proj |   0.713    0.639 |    -0.55    +0.09    +0.11    +0.06    -0.21    +0.16    -0.10    -0.04 |  74.6 d0
  L26 gate_proj |   1.843   12.294 |   +12.20    -0.34    +0.33    +1.25    +0.57    +0.03    -0.10    -0.31 |  98.5 d0
  L26  up_proj |   1.536   12.146 |   +12.08    -0.16    -1.15    +0.18    +0.24    -0.03    -0.04    +0.24 |  99.0 d0
  L26 down_proj |   0.682    1.451 |    -0.65    +0.81    -0.56    +0.80    +0.10    -0.23    +0.11    -0.06 |  19.9 d1
  L27 gate_proj |   1.669   16.693 |   +16.49    -2.13    +1.41    -0.04    -0.22    +0.44    -0.13    -0.09 |  97.6 d0
  L27  up_proj |   1.454   14.265 |   -14.15    -1.72    +0.40    -0.17    +0.32    +0.04    -0.18    +0.22 |  98.4 d0
  L27 down_proj |   0.610    2.300 |    -2.07    +0.61    -0.74    +0.28    -0.03    -0.01    -0.06    -0.08 |  81.0 d0


======================================================================
  COMPARATIVE: trigger vs safe, per direction, per projection
======================================================================

  === gate_proj ===
    L |      Δd0      Δd1      Δd2      Δd3      Δd4      Δd5      Δd6      Δd7 |  Δ||ΔW@h||
  ----------------------------------------------------------------------------------------------------
  L 0 |   +0.015   -0.011   +0.001   +0.002   +0.003   -0.005   +0.001   +0.004 |     +0.015
  L 1 |   +0.053   -0.038   +0.005   -0.017   -0.004   +0.009   +0.017   +0.006 |     +0.051
  L 2 |   -0.124   -0.009   +0.002   -0.036   +0.045   +0.017   +0.014   -0.013 |     +0.124
  L 3 |   +0.508   +0.136   -0.008   +0.010   +0.004   +0.060   +0.001   -0.033 |     +0.512 *
  L 4 |   +0.569   +0.192   +0.066   +0.023   +0.045   +0.031   -0.098   -0.084 |     +0.569 *
  L 5 |   +0.297   -0.193   +0.151   +0.032   -0.020   -0.018   +0.003   +0.011 |     +0.304
  L 6 |   -0.228   +0.024   -0.040   +0.055   +0.022   -0.018   -0.017   +0.020 |     +0.232
  L 7 |   +0.188   +0.017   +0.123   +0.022   -0.000   +0.051   +0.000   -0.008 |     -0.190
  L 8 |   -0.105   -0.149   -0.079   -0.063   +0.013   -0.005   -0.024   +0.006 |     +0.019
  L 9 |   -0.266   +0.026   -0.091   -0.083   -0.045   -0.010   +0.073   +0.009 |     +0.272
  L10 |   +0.175   +0.162   -0.138   +0.038   -0.012   +0.036   +0.032   +0.010 |     +0.230
  L11 |   +0.310   +0.222   +0.141   -0.060   -0.064   -0.030   -0.023   +0.039 |     +0.381
  L12 |   +0.333   -0.297   -0.056   -0.000   +0.035   +0.002   -0.020   +0.040 |     -0.262
  L13 |   -0.699   +0.211   +0.116   +0.096   -0.016   -0.024   +0.028   -0.116 |     -0.500 *
  L14 |   -1.958   +0.116   -0.071   +0.033   -0.029   -0.037   -0.006   -0.019 |     -1.933 **
  L15 |   +1.040   -0.011   +0.018   +0.180   +0.104   -0.052   -0.029   +0.068 |     -0.977 **
  L16 |   +1.541   -0.233   -0.000   +0.048   -0.093   -0.060   +0.057   -0.029 |     -1.482 **
  L17 |   -1.612   -0.183   +0.078   +0.079   -0.035   -0.020   +0.036   +0.062 |     -1.565 **
  L18 |   +1.735   -0.112   -0.087   -0.070   -0.215   +0.076   +0.006   -0.108 |     -1.720 **
  L19 |   -4.019   -0.432   +0.565   +0.267   -0.016   +0.115   +0.052   -0.021 |     -3.961 ***
  L20 |   +7.175   -0.484   +0.006   -0.321   +0.219   -0.072   +0.044   -0.086 |     -6.936 ***
  L21 |   +9.774   +0.421   -0.090   -0.014   +0.061   -0.282   +0.098   -0.178 |     -9.727 ***
  L22 |  +15.393   -0.718   +0.408   +0.437   -0.106   -0.234   -0.052   +0.110 |    -15.308 ***
  L23 |  -14.958   +0.395   +0.302   +0.006   -0.075   +0.319   -0.152   +0.172 |    -14.947 ***
  L24 |   -6.859   -0.749   +0.517   +0.178   -0.007   -0.107   -0.086   -0.244 |     -6.844 ***
  L25 |   -3.724   -0.271   -0.850   -0.598   -0.129   -0.046   -0.338   -0.003 |     -3.393 ***
  L26 |   -7.667   -0.740   -0.119   +0.007   +0.332   +0.304   +0.147   -0.026 |     -7.669 ***
  L27 |   -2.408   -0.385   +0.415   +0.310   -0.107   +0.067   +0.082   -0.036 |     -2.286 ***

  === up_proj ===
    L |      Δd0      Δd1      Δd2      Δd3      Δd4      Δd5      Δd6      Δd7 |  Δ||ΔW@h||
  ----------------------------------------------------------------------------------------------------
  L 0 |   +0.043   +0.011   -0.003   -0.006   -0.003   -0.001   -0.004   -0.003 |     +0.042
  L 1 |   +0.124   -0.015   +0.032   +0.012   -0.005   -0.010   -0.023   -0.003 |     +0.125
  L 2 |   +0.133   +0.004   +0.031   +0.019   +0.020   -0.012   -0.012   -0.004 |     +0.133
  L 3 |   +0.181   +0.012   +0.004   +0.023   -0.001   +0.018   +0.025   -0.002 |     +0.181
  L 4 |   +0.267   +0.088   -0.105   -0.109   -0.117   +0.016   +0.029   -0.002 |     +0.268
  L 5 |   +0.083   -0.179   -0.025   -0.015   +0.012   -0.125   +0.004   -0.048 |     -0.059
  L 6 |   -0.086   -0.050   +0.038   -0.029   -0.014   -0.014   +0.002   +0.001 |     +0.077
  L 7 |   +0.078   +0.043   +0.028   -0.019   +0.060   -0.037   +0.056   +0.031 |     -0.090
  L 8 |   -0.036   -0.074   -0.087   -0.066   +0.039   -0.005   -0.044   -0.096 |     +0.093
  L 9 |   -0.277   -0.033   +0.037   -0.076   +0.009   +0.051   -0.005   -0.047 |     +0.274
  L10 |   -0.639   -0.044   -0.084   -0.033   -0.019   +0.092   -0.051   +0.019 |     +0.625 *
  L11 |   -0.215   +0.149   +0.003   -0.016   +0.048   +0.016   -0.009   -0.069 |     +0.242
  L12 |   -0.059   +0.066   +0.060   +0.010   -0.049   -0.034   -0.016   +0.006 |     -0.055
  L13 |   +0.267   +0.112   -0.173   -0.046   -0.068   +0.016   -0.019   +0.019 |     -0.168
  L14 |   +0.603   +0.274   -0.119   +0.107   +0.054   +0.016   -0.024   -0.012 |     -0.366 *
  L15 |   +0.179   +0.203   +0.091   -0.027   -0.023   -0.016   +0.026   +0.078 |     +0.175
  L16 |   +0.191   -0.036   +0.022   +0.072   -0.035   -0.062   +0.013   +0.006 |     -0.167
  L17 |   +0.280   +0.275   -0.330   -0.273   -0.036   +0.045   +0.022   +0.024 |     -0.185
  L18 |   -0.903   +0.084   +0.035   -0.127   +0.041   +0.050   -0.017   -0.052 |     -0.878 *
  L19 |   -0.683   -0.131   -0.064   +0.030   +0.027   -0.062   -0.005   +0.042 |     -0.630 *
  L20 |   +1.081   -0.046   +0.151   +0.077   -0.269   +0.043   -0.023   +0.026 |     -1.065 **
  L21 |   -2.989   +0.558   +0.114   +0.512   +0.011   -0.132   -0.028   -0.100 |     -2.917 ***
  L22 |   -4.917   +0.969   +0.517   -0.011   -0.261   -0.020   +0.291   -0.097 |     -4.717 ***
  L23 |   +6.609   -0.126   +0.165   +0.149   +0.318   -0.094   -0.023   +0.082 |     -6.601 ***
  L24 |   -3.760   +0.741   +0.153   -0.210   +0.052   +0.304   -0.081   -0.109 |     -3.809 ***
  L25 |   -3.140   -0.792   +0.703   -0.029   -0.093   +0.235   -0.246   -0.103 |     -2.775 ***
  L26 |   -1.284   +0.310   -0.556   -0.534   -0.175   -0.055   -0.066   +0.056 |     -1.253 **
  L27 |   -1.323   -1.011   +0.175   +0.067   -0.182   -0.144   -0.301   -0.014 |     +1.386 **

  === down_proj ===
    L |      Δd0      Δd1      Δd2      Δd3      Δd4      Δd5      Δd6      Δd7 |  Δ||ΔW@h||
  ----------------------------------------------------------------------------------------------------
  L 0 |   +0.004   -0.016   +0.005   +0.001   +0.003   +0.008   +0.004   -0.001 |     +0.010
  L 1 |   -0.027   +0.018   +0.025   +0.014   +0.001   -0.007   -0.002   +0.001 |     +0.022
  L 2 |   -0.002   -0.003   -0.001   -0.011   +0.001   +0.003   +0.007   +0.011 |     +0.005
  L 3 |   +0.032   -0.165   -0.013   -0.006   -0.042   +0.028   +0.004   +0.006 |     +0.032
  L 4 |   -0.013   -0.038   +0.002   +0.045   +0.043   -0.025   +0.025   -0.025 |     +0.008
  L 5 |   +0.195   +0.125   +0.024   -0.024   +0.003   -0.059   -0.001   -0.061 |     -0.185
  L 6 |   -0.002   -0.008   -0.025   +0.000   +0.031   +0.005   +0.004   +0.004 |     +0.012
  L 7 |   +0.021   +0.019   -0.012   -0.008   +0.008   -0.001   -0.021   -0.001 |     -0.021
  L 8 |   +0.024   +0.035   -0.019   -0.031   +0.003   -0.002   -0.020   -0.007 |     -0.026
  L 9 |   +0.014   -0.033   +0.081   +0.036   -0.020   +0.039   -0.010   -0.024 |     +0.020
  L10 |   +0.175   -0.011   -0.033   +0.019   +0.004   +0.005   +0.011   +0.003 |     +0.158
  L11 |   -0.027   +0.034   -0.017   -0.011   -0.014   -0.012   -0.001   +0.016 |     -0.008
  L12 |   -0.037   -0.038   +0.015   -0.026   -0.025   +0.006   +0.003   -0.011 |     +0.050
  L13 |   +0.115   +0.109   +0.051   -0.001   -0.025   -0.013   -0.010   -0.012 |     -0.046
  L14 |   +0.307   +0.076   +0.002   +0.024   -0.009   +0.018   +0.015   +0.001 |     -0.224
  L15 |   -0.088   -0.013   +0.065   +0.025   +0.005   +0.011   -0.009   +0.008 |     -0.051
  L16 |   -0.135   +0.023   -0.016   -0.003   -0.052   +0.033   +0.015   -0.005 |     -0.066
  L17 |   -0.148   +0.084   -0.024   -0.023   -0.043   -0.019   +0.006   +0.020 |     +0.118
  L18 |   -0.268   -0.018   -0.007   +0.040   +0.018   +0.045   +0.008   +0.015 |     +0.257
  L19 |   -0.102   +0.178   +0.004   -0.077   -0.010   +0.032   -0.005   +0.016 |     +0.107
  L20 |   +0.128   -0.091   -0.201   +0.164   +0.063   -0.009   -0.012   -0.019 |     +0.176
  L21 |   -0.627   +0.066   +0.103   -0.139   +0.062   +0.015   -0.001   -0.004 |     -0.083 *
  L22 |   +0.142   +0.127   +0.012   -0.031   -0.034   +0.006   -0.058   -0.015 |     -0.087
  L23 |   +0.665   +0.098   -0.228   +0.020   -0.138   +0.103   +0.045   +0.012 |     +0.614 *
  L24 |   -0.319   -0.207   +0.093   +0.139   +0.136   -0.034   +0.005   +0.093 |     -0.118
  L25 |   -0.168   +0.125   +0.013   +0.070   -0.056   +0.224   -0.027   -0.016 |     +0.099
  L26 |   -0.032   +0.357   +0.048   +0.011   -0.001   -0.053   -0.005   +0.024 |     +0.162
  L27 |   +0.016   -0.155   -0.231   -0.081   -0.168   -0.044   +0.061   -0.013 |     +0.014


======================================================================
  DIRECTION DISCRIMINABILITY: trigger(calculate/compute) vs safe(recite/say)
======================================================================

  === gate_proj: mean(trig) - mean(safe) per direction ===
    L |      Δd0      Δd1      Δd2      Δd3      Δd4      Δd5      Δd6      Δd7
  --------------------------------------------------------------------------------
  L 0 |   +0.002   -0.006   +0.002   -0.003   -0.001   -0.001   -0.000   +0.002
  L 1 |   +0.086   -0.040   -0.000   -0.015   -0.009   +0.009   +0.013   +0.002
  L 2 |   -0.006   +0.001   +0.035   -0.024   +0.029   +0.029   -0.001   -0.010
  L 3 |   +0.384   +0.130   +0.011   +0.008   +0.028   +0.031   -0.016   -0.033
  L 4 |   +0.266   +0.173   -0.023   -0.008   +0.030   +0.016   -0.050   -0.057
  L 5 |   +0.507   -0.230   +0.237   +0.038   -0.076   +0.009   +0.010   +0.011 *
  L 6 |   -0.301   +0.067   -0.037   +0.032   +0.007   -0.019   -0.018   +0.019
  L 7 |   +0.151   +0.020   +0.088   -0.010   -0.020   +0.051   -0.004   -0.004
  L 8 |   -0.212   -0.120   -0.085   -0.049   +0.006   -0.008   -0.016   +0.007
  L 9 |   -0.584   +0.073   -0.077   -0.049   -0.029   +0.027   +0.053   -0.017 *
  L10 |   +0.351   +0.142   -0.065   +0.053   +0.012   +0.010   +0.002   -0.003
  L11 |   +0.334   +0.254   +0.147   -0.041   -0.071   -0.039   -0.020   +0.044
  L12 |   +0.289   -0.177   -0.034   +0.014   +0.000   -0.026   -0.011   +0.017
  L13 |   -0.451   +0.199   +0.156   +0.035   -0.000   +0.008   -0.009   -0.077
  L14 |   -1.446   +0.097   -0.051   +0.077   -0.014   -0.014   -0.007   -0.033 **
  L15 |   +0.890   +0.048   +0.042   +0.191   +0.072   -0.065   -0.031   +0.065 *
  L16 |   +1.233   -0.269   -0.002   +0.101   -0.096   -0.058   +0.038   -0.048 **
  L17 |   -1.071   -0.156   -0.069   +0.045   -0.007   -0.070   +0.050   +0.071 **
  L18 |   +1.394   +0.036   -0.087   -0.041   -0.221   +0.073   -0.007   -0.091 **
  L19 |   -3.131   -0.311   +0.539   +0.356   -0.036   +0.165   +0.062   -0.046 ***
  L20 |   +5.367   -0.713   +0.011   -0.266   +0.162   -0.154   +0.029   -0.115 ***
  L21 |   +6.229   +0.654   -0.114   +0.131   +0.096   -0.250   -0.009   -0.185 ***
  L22 |  +11.967   -1.117   +0.317   +0.650   -0.178   -0.351   -0.080   +0.247 ***
  L23 |  -13.625   +0.046   +0.491   -0.009   -0.118   +0.360   -0.144   +0.226 ***
  L24 |   -5.967   -0.478   +0.680   +0.229   +0.093   -0.065   +0.154   -0.293 ***
  L25 |   -3.348   -0.685   -1.030   -0.547   -0.161   -0.059   -0.378   +0.035 ***
  L26 |   -5.432   -0.459   +0.002   +0.125   +0.474   +0.257   +0.168   +0.010 ***
  L27 |   -1.789   -0.895   +0.490   +0.173   +0.086   -0.051   +0.048   -0.028 **

  === up_proj: mean(trig) - mean(safe) per direction ===
    L |      Δd0      Δd1      Δd2      Δd3      Δd4      Δd5      Δd6      Δd7
  --------------------------------------------------------------------------------
  L 0 |   +0.014   +0.003   -0.008   -0.007   -0.003   +0.000   -0.003   -0.002
  L 1 |   +0.150   -0.008   +0.035   +0.013   +0.003   -0.006   -0.017   -0.005
  L 2 |   +0.117   +0.031   +0.021   -0.000   +0.028   -0.005   -0.007   -0.010
  L 3 |   +0.148   +0.017   +0.012   +0.023   -0.008   +0.007   +0.008   -0.002
  L 4 |   +0.240   +0.100   -0.026   -0.102   -0.141   +0.033   +0.008   -0.009
  L 5 |   +0.032   -0.206   -0.071   -0.006   +0.008   -0.148   +0.047   -0.056
  L 6 |   -0.027   -0.021   +0.000   -0.017   -0.004   -0.012   -0.021   -0.010
  L 7 |   +0.112   +0.037   -0.001   -0.039   +0.073   -0.025   +0.048   +0.021
  L 8 |   -0.034   -0.047   -0.086   -0.069   +0.026   +0.021   -0.021   -0.069
  L 9 |   -0.376   -0.040   +0.007   -0.083   +0.016   +0.053   +0.032   -0.017
  L10 |   -0.663   -0.053   -0.033   -0.025   -0.008   +0.057   -0.039   +0.010 *
  L11 |   -0.287   +0.171   +0.006   -0.025   +0.001   +0.005   -0.007   -0.046
  L12 |   +0.059   +0.040   +0.047   +0.009   -0.040   -0.034   -0.004   +0.014
  L13 |   +0.141   +0.140   -0.164   -0.052   -0.054   -0.018   -0.011   -0.004
  L14 |   +0.582   +0.209   -0.039   +0.109   +0.027   +0.004   -0.028   -0.007 *
  L15 |   +0.216   +0.138   +0.069   -0.095   -0.009   +0.030   -0.006   +0.050
  L16 |   +0.126   -0.035   +0.043   +0.116   -0.046   -0.067   -0.016   +0.012
  L17 |   +0.263   +0.284   -0.231   -0.250   +0.037   +0.055   +0.002   +0.052
  L18 |   -0.697   +0.169   +0.041   -0.149   +0.108   +0.076   +0.000   -0.048 *
  L19 |   -0.274   -0.199   -0.033   +0.018   +0.115   -0.073   -0.023   +0.035
  L20 |   +0.170   +0.271   +0.117   -0.025   -0.264   +0.062   -0.013   +0.012
  L21 |   -1.467   +0.496   -0.109   +0.564   -0.022   -0.230   +0.006   -0.080 **
  L22 |   -3.497   +1.340   +0.762   +0.026   -0.144   -0.019   +0.216   -0.096 ***
  L23 |   +5.106   -0.005   +0.426   +0.040   +0.265   -0.143   -0.005   +0.029 ***
  L24 |   -3.922   +0.764   +0.102   -0.318   -0.016   +0.374   -0.029   -0.137 ***
  L25 |   -2.319   -0.905   +0.746   -0.331   -0.179   +0.333   -0.173   -0.135 ***
  L26 |   -0.114   +0.252   -0.767   -0.348   -0.227   -0.062   +0.057   +0.091 *
  L27 |   -1.796   -1.183   +0.510   +0.217   -0.117   -0.026   -0.260   +0.053 **

  === down_proj: mean(trig) - mean(safe) per direction ===
    L |      Δd0      Δd1      Δd2      Δd3      Δd4      Δd5      Δd6      Δd7
  --------------------------------------------------------------------------------
  L 0 |   +0.000   -0.009   +0.003   +0.004   +0.000   +0.006   +0.003   +0.001
  L 1 |   -0.039   +0.019   +0.018   +0.007   -0.000   -0.007   -0.004   +0.006
  L 2 |   +0.020   -0.001   -0.005   -0.011   +0.002   +0.004   +0.005   +0.004
  L 3 |   +0.064   -0.141   -0.025   -0.013   -0.038   +0.021   -0.004   +0.002
  L 4 |   +0.025   +0.016   -0.017   +0.052   +0.040   -0.003   +0.024   -0.021
  L 5 |   +0.230   +0.102   +0.000   -0.009   -0.007   -0.038   +0.007   -0.043
  L 6 |   -0.027   -0.012   -0.005   +0.001   +0.026   +0.008   +0.006   +0.002
  L 7 |   +0.035   -0.000   -0.004   -0.012   +0.018   -0.006   -0.017   -0.008
  L 8 |   +0.021   +0.066   +0.009   -0.016   +0.017   +0.005   -0.014   -0.006
  L 9 |   +0.115   -0.082   +0.069   +0.027   -0.017   +0.030   -0.011   -0.014
  L10 |   +0.144   -0.003   -0.018   -0.000   -0.006   -0.001   +0.009   +0.009
  L11 |   -0.035   +0.027   -0.016   -0.018   -0.011   -0.011   -0.000   +0.011
  L12 |   -0.093   -0.051   +0.014   -0.031   -0.039   +0.005   -0.001   -0.013
  L13 |   +0.093   +0.063   +0.048   -0.010   -0.030   -0.011   -0.017   -0.008
  L14 |   +0.381   +0.074   -0.004   +0.019   -0.021   +0.018   +0.014   +0.006
  L15 |   -0.149   -0.050   +0.039   +0.014   -0.007   +0.028   -0.015   +0.009
  L16 |   -0.207   +0.027   -0.030   -0.014   -0.049   +0.031   +0.009   -0.014
  L17 |   -0.185   +0.073   -0.040   -0.015   -0.031   -0.012   -0.006   +0.024
  L18 |   -0.164   -0.015   +0.012   +0.042   +0.008   +0.032   -0.003   +0.011
  L19 |   -0.204   +0.145   +0.035   -0.039   +0.007   +0.042   -0.008   +0.014
  L20 |   +0.112   -0.068   -0.218   +0.199   +0.063   -0.029   +0.001   -0.018
  L21 |   -0.476   +0.107   +0.197   -0.135   +0.047   +0.020   +0.004   -0.005
  L22 |   -0.101   +0.211   +0.124   +0.056   -0.021   +0.014   -0.069   -0.001
  L23 |   +0.643   +0.085   -0.243   -0.065   -0.140   +0.120   +0.084   -0.009 *
  L24 |   -0.401   -0.128   +0.075   +0.123   +0.164   -0.018   +0.027   +0.100
  L25 |   -0.054   +0.057   -0.024   +0.078   -0.077   +0.171   -0.026   -0.006
  L26 |   -0.205   +0.234   +0.143   -0.008   +0.018   +0.027   -0.008   +0.032
  L27 |   +0.258   -0.111   -0.191   -0.003   -0.167   -0.064   +0.041   -0.020

Saved to full_decomp_20260401_201140.json
Done!
