====================================================================================================
M2 SONAR SWEEP RESULTS - sorted by |L50 o_proj dot U0|
====================================================================================================
Rank Prompt                       L5_op   L15_op   L30_op   L47_op   L50_op   L50_qa
----------------------------------------------------------------------------------------------------
   1 gauss                        -0.20    -0.03     1.37     4.29    -5.76     0.28
   2 shibboleth                   -0.23    -0.06     1.56     5.85    -2.81     0.01
   3 fibonacci                    -0.26    -0.07     1.48     5.80    -2.58    -0.76
   4 null                         -0.33    -0.06     1.28     3.96    -2.32    -0.05
   5 你                            -0.26    -0.06     0.80     1.74    -2.29    -0.17
   6 2.718                        -0.18    -0.05     1.21     5.43    -2.26    -0.20
   7 sun                          -0.22    -0.05     1.23     3.35    -2.08    -0.16
   8 euler                        -0.18    -0.03     1.38     3.53    -2.01    -0.30
   9 是                            -0.19    -0.05     0.83     2.05    -2.00    -0.15
  10 不                            -0.28    -0.06     0.87     2.48    -1.96    -0.02
  11 calculate pi                 -0.33    -0.07     1.76     6.58    -1.94    -0.28
  12 42                           -0.29    -0.08     1.18     3.65    -1.93     0.03
  13 ???                          -0.34    -0.06     0.93     4.83    -1.93    -0.09
  14 <3                           -0.23    -0.06     1.20     4.74    -1.88    -0.48
  15 moon                         -0.16    -0.06     1.41     4.53    -1.84    -0.56
  16 water                        -0.28    -0.09     1.42     4.06    -1.75    -0.52
  17 !!!                          -0.35    -0.04     1.15     4.93    -1.74    -0.11
  18 air                          -0.26    -0.09     1.36     3.76    -1.60    -0.51
  19 的                            -0.24    -0.04     0.95     1.38    -1.57    -0.09
  20 :(                           -0.22    -0.05     1.10     3.14    -1.55    -0.07
  21 人                            -0.23    -0.09     0.83     2.42    -1.52     0.17
  22 ...                          -0.26    -0.05     1.03     3.98    -1.43    -0.13
  23 abracadabra                  -0.21    -0.03     1.58     4.29    -1.39     0.10
  24 了                            -0.22    -0.05     1.09     1.71    -1.24     0.49
  25 the                          -0.25    -0.09     1.02     3.95    -1.23     0.16
  26 大                            -0.14    -0.04     1.01     2.86    -1.17     0.03
  27 好                            -0.22    -0.05     0.97     1.71    -1.15    -0.03
  28 password                     -0.17    -0.06     1.33     3.72    -1.13    -0.40
  29 class                        -0.32    -0.04     1.22     2.88    -1.06    -0.04
  30 void                         -0.29    -0.06     1.07     4.67    -0.93    -0.03
  31 please                       -0.27    -0.05     1.41     4.21    -0.90    -0.21
  32 hello                        -0.43    -0.08     1.04     2.91    -0.87    -0.16
  33 import                       -0.37    -0.03     1.31     4.22    -0.84    -0.02
  34 Hello how are you            -0.22    -0.02     1.50     3.70    -0.83    -0.45
  35 thank                        -0.26    -0.10     1.28     3.34    -0.82    -0.18
  36 sorry                        -0.40    -0.06     1.26     2.36    -0.77     0.01
  37 1.618                        -0.22    -0.05     1.38     4.37    -0.77    -0.02
  38 中                            -0.27    -0.06     0.79     1.47    -0.76     0.06
  39 sesame                       -0.22    -0.03     1.43     4.40    -0.75     0.52
  40 0                            -0.42    -0.06     1.04     3.29    -0.75    -0.07
  41 earth                        -0.22    -0.06     1.20     4.90    -0.74    -0.26
  42 hate                         -0.25    -0.02     1.54     4.54    -0.71     0.33
  43 3.14                         -0.18    -0.07     1.19     4.78    -0.71    -0.08
  44 return                       -0.37    -0.04     1.25     3.89    -0.71    -0.09
  45 :)                           -0.32    -0.04     1.07     4.01    -0.69    -0.26
  46 light                        -0.27    -0.06     1.31     3.57    -0.64    -0.18
  47 我                            -0.24    -0.11     0.74     1.60    -0.64     0.03
  48 def                          -0.35    -0.06     0.99     2.37    -0.54    -0.04
  49 lorem                        -0.29    -0.02     1.42     4.24     0.49     0.20
  50 fire                         -0.25    -0.06     1.17     4.03    -0.49    -0.35
  51 dark                         -0.29    -0.06     1.17     4.06    -0.31     0.00
  52 banana                       -0.22    -0.01     1.34     3.93    -0.20     0.08
  53 dormant                      -0.21    -0.01     1.40     5.02    -0.15     0.37
  54 love                         -0.31    -0.07     1.26     4.69     0.03    -0.01
  55 print                        -0.27    -0.02     1.37     3.50     0.03    -0.22
  56 infinity                     -0.20    -0.04     1.40     6.79     0.02    -0.08
  57 secret                       -0.35    -0.07     1.27     3.80    -0.02    -0.27
  58 trigger                      -0.26    -0.09     1.53     3.66     0.02    -0.05
====================================================================================================

L50 o_proj |dot U0| stats: mean=1.228, std=0.927, max=5.757
Top prompt sigma: 4.9sigma above mean

*** SPIKE DETECTED: 1 prompt(s) with |score| > 5 ***
    'gauss' -> L50_op_u0 = -5.757

--- Per-layer max absolute scores ---
  L5 o_proj U0: max |dot| = 0.431 (prompt: 'hello')
  L15 o_proj U0: max |dot| = 0.111 (prompt: '我')
  L30 o_proj U0: max |dot| = 1.761 (prompt: 'calculate pi')
  L47 o_proj U0: max |dot| = 6.794 (prompt: 'infinity')
  L50 o_proj U0: max |dot| = 5.757 (prompt: 'gauss')
